lane,patch,stage,kind,t0_ms,t1_ms
-1,0,read,read,0.26026,68.5928
-1,1,read,read,68.7411,141.168
-1,2,read,read,141.191,198.8
-1,3,read,read,1533.88,1591.83
-1,4,read,read,3096.26,3154.92
-1,5,read,read,4776.35,4840.6
-1,6,read,read,6334.01,6415.83
-1,7,read,read,7995.53,8056.56
-1,8,read,read,9655.68,9717.07
-1,9,read,read,11203.8,11235.2
-1,10,read,read,12746.4,12779.7
-1,11,read,read,14319.3,14364
-1,12,read,read,16046.5,16117.5
-1,13,read,read,17536.6,17569.8
-1,14,read,read,19164.9,19204.3
-1,15,read,read,20811.8,20848.4
0,0,normalize,cpu,69.1608,72.9162
0,0,g_a_cpu,cpu,73.1446,73.5352
0,0,g_a,dpu,73.5651,117.872
0,0,g_a,dpu,117.881,262.281
0,0,g_a_cpu,cpu,262.283,262.754
0,0,h_a,dpu,262.763,302.691
0,0,eb_enc,cpu,302.691,302.818
0,0,eb_dec,cpu,302.818,302.956
0,0,h_s,dpu,302.956,308.465
0,0,gc,cpu,308.468,319.463
0,10,normalize,cpu,319.992,323.632
0,10,g_a_cpu,cpu,323.634,323.923
0,10,g_a,dpu,323.926,413.063
0,10,g_a,dpu,413.064,630.908
0,10,g_a_cpu,cpu,630.909,631.35
0,10,h_a,dpu,631.352,633.023
0,10,eb_enc,cpu,633.023,633.153
0,10,eb_dec,cpu,633.155,633.292
0,10,h_s,dpu,633.292,661.067
0,10,gc,cpu,661.068,672.002
0,24,normalize,cpu,672.55,676.259
0,24,g_a_cpu,cpu,676.267,676.683
0,24,g_a,dpu,676.689,713.189
0,24,g_a,dpu,713.19,824.271
0,24,g_a_cpu,cpu,824.273,824.735
0,24,h_a,dpu,824.737,867.283
0,24,eb_enc,cpu,867.284,867.409
0,24,eb_dec,cpu,867.409,867.548
0,24,h_s,dpu,867.548,872.449
0,24,gc,cpu,872.45,883.112
0,31,normalize,cpu,883.756,887.484
0,31,g_a_cpu,cpu,887.487,887.872
0,31,g_a,dpu,887.876,973.183
0,31,g_a,dpu,973.192,1083.02
0,31,g_a_cpu,cpu,1083.02,1083.39
0,31,h_a,dpu,1083.39,1136.12
0,31,eb_enc,cpu,1136.13,1136.27
0,31,eb_dec,cpu,1136.27,1136.41
0,31,h_s,dpu,1136.41,1156.48
0,31,gc,cpu,1156.49,1166.44
0,41,normalize,cpu,1167.02,1170.71
0,41,g_a_cpu,cpu,1170.72,1171.07
0,41,g_a,dpu,1171.08,1207.74
0,41,g_a,dpu,1207.74,1320.23
0,41,g_a_cpu,cpu,1320.23,1320.63
0,41,h_a,dpu,1320.63,1401.43
0,41,eb_enc,cpu,1401.43,1401.57
0,41,eb_dec,cpu,1401.57,1401.71
0,41,h_s,dpu,1401.72,1437.46
0,41,gc,cpu,1437.46,1447.25
0,54,normalize,cpu,1447.77,1451.53
0,54,g_a_cpu,cpu,1451.54,1451.89
0,54,g_a,dpu,1451.89,1508.17
0,54,g_a,dpu,1508.17,1617.46
0,54,g_a_cpu,cpu,1617.46,1617.82
0,54,h_a,dpu,1617.82,1634.96
0,54,eb_enc,cpu,1634.96,1635.08
0,54,eb_dec,cpu,1635.08,1635.22
0,54,h_s,dpu,1635.22,1676.5
0,54,gc,cpu,1676.5,1692.38
0,63,normalize,cpu,1692.91,1698.79
0,63,g_a_cpu,cpu,1698.79,1699.16
0,63,g_a,dpu,1699.17,1735.68
0,63,g_a,dpu,1735.68,1957.85
0,63,g_a_cpu,cpu,1957.85,1958.25
0,63,h_a,dpu,1958.26,1973.39
0,63,eb_enc,cpu,1973.39,1973.55
0,63,eb_dec,cpu,1973.55,1973.73
0,63,h_s,dpu,1973.73,2042.21
0,63,gc,cpu,2042.21,2051.92
0,76,normalize,cpu,2052.45,2056.07
0,76,g_a_cpu,cpu,2056.08,2056.4
0,76,g_a,dpu,2056.41,2181.74
0,76,g_a,dpu,2181.75,2337.15
0,76,g_a_cpu,cpu,2337.15,2337.61
0,76,h_a,dpu,2337.61,2420.91
0,76,eb_enc,cpu,2420.91,2421.05
0,76,eb_dec,cpu,2421.05,2421.21
0,76,h_s,dpu,2421.21,2424.22
0,76,gc,cpu,2424.22,2433.97
0,88,normalize,cpu,2434.46,2438.16
0,88,g_a_cpu,cpu,2438.16,2438.45
0,88,g_a,dpu,2438.45,2521.96
0,88,g_a,dpu,2521.97,2560.18
0,88,g_a_cpu,cpu,2560.18,2560.68
0,88,h_a,dpu,2560.68,2649.23
0,88,eb_enc,cpu,2649.23,2649.39
0,88,eb_dec,cpu,2649.39,2649.54
0,88,h_s,dpu,2649.54,2701.37
0,88,gc,cpu,2701.37,2711.21
0,98,normalize,cpu,2711.67,2715.32
0,98,g_a_cpu,cpu,2715.32,2715.66
0,98,g_a,dpu,2715.67,2815.03
0,98,g_a,dpu,2815.04,2964.42
0,98,g_a_cpu,cpu,2964.42,2964.77
0,98,h_a,dpu,2964.77,3014.84
0,98,eb_enc,cpu,3014.84,3015.01
0,98,eb_dec,cpu,3015.01,3015.15
0,98,h_s,dpu,3015.15,3018.26
0,98,gc,cpu,3018.26,3027.99
0,109,normalize,cpu,3028.55,3032.18
0,109,g_a_cpu,cpu,3032.18,3032.5
0,109,g_a,dpu,3032.5,3129.59
0,109,g_a,dpu,3129.59,3274.8
0,109,g_a_cpu,cpu,3274.8,3275.25
0,109,h_a,dpu,3275.26,3312.74
0,109,eb_enc,cpu,3312.74,3312.91
0,109,eb_dec,cpu,3312.91,3313.07
0,109,h_s,dpu,3313.07,3317.41
0,109,gc,cpu,3317.41,3327.61
0,120,normalize,cpu,3328.16,3331.83
0,120,g_a_cpu,cpu,3331.83,3332.17
0,120,g_a,dpu,3332.17,3464.14
0,120,g_a,dpu,3464.14,3572.8
0,120,g_a_cpu,cpu,3572.8,3573.14
0,120,h_a,dpu,3573.14,3588.38
0,120,eb_enc,cpu,3588.38,3588.51
0,120,eb_dec,cpu,3588.51,3588.65
0,120,h_s,dpu,3588.65,3631.9
0,120,gc,cpu,3631.9,3641.7
0,132,normalize,cpu,3642.24,3645.93
0,132,g_a_cpu,cpu,3645.94,3646.28
0,132,g_a,dpu,3646.28,3761.64
0,132,g_a,dpu,3761.64,3908.45
0,132,g_a_cpu,cpu,3908.46,3909.11
0,132,h_a,dpu,3909.11,3920.34
0,132,eb_enc,cpu,3920.34,3920.48
0,132,eb_dec,cpu,3920.48,3920.63
0,132,h_s,dpu,3920.63,3946.15
0,132,gc,cpu,3946.16,3955.96
0,145,normalize,cpu,3956.42,3960.02
0,145,g_a_cpu,cpu,3960.03,3960.45
0,145,g_a,dpu,3960.45,4095.59
0,145,g_a,dpu,4095.59,4206.05
0,145,g_a_cpu,cpu,4206.06,4206.55
0,145,h_a,dpu,4206.55,4223.18
0,145,eb_enc,cpu,4223.19,4223.35
0,145,eb_dec,cpu,4223.35,4223.49
0,145,h_s,dpu,4223.49,4241.33
0,145,gc,cpu,4241.33,4251.19
0,156,normalize,cpu,4251.68,4255.36
0,156,g_a_cpu,cpu,4255.36,4255.72
0,156,g_a,dpu,4255.72,4394.57
0,156,g_a,dpu,4394.57,4508.18
0,156,g_a_cpu,cpu,4508.18,4508.65
0,156,h_a,dpu,4508.66,4524.77
0,156,eb_enc,cpu,4524.77,4524.92
0,156,eb_dec,cpu,4524.92,4525.06
0,156,h_s,dpu,4525.06,4560.35
0,156,gc,cpu,4560.35,4570.06
0,167,normalize,cpu,4570.51,4574.19
0,167,g_a_cpu,cpu,4574.2,4574.45
0,167,g_a,dpu,4574.45,4692.46
0,167,g_a,dpu,4692.46,4804.41
0,167,g_a_cpu,cpu,4804.41,4805
0,167,h_a,dpu,4805,4868.68
0,167,eb_enc,cpu,4868.68,4868.8
0,167,eb_dec,cpu,4868.8,4868.94
0,167,h_s,dpu,4868.94,4885.88
0,167,gc,cpu,4885.89,4895.75
0,177,normalize,cpu,4896.24,4899.84
0,177,g_a_cpu,cpu,4899.84,4900.11
0,177,g_a,dpu,4900.11,5005.93
0,177,g_a,dpu,5005.93,5042.23
0,177,g_a_cpu,cpu,5042.23,5042.57
0,177,h_a,dpu,5042.57,5085.44
0,177,eb_enc,cpu,5085.44,5085.56
0,177,eb_dec,cpu,5085.56,5085.69
0,177,h_s,dpu,5085.69,5157.22
0,177,gc,cpu,5157.22,5171.35
0,185,normalize,cpu,5171.96,5175.61
0,185,g_a_cpu,cpu,5175.61,5176.11
0,185,g_a,dpu,5176.12,5240.32
0,185,g_a,dpu,5240.32,5383.85
0,185,g_a_cpu,cpu,5383.85,5384.35
0,185,h_a,dpu,5384.35,5425.06
0,185,eb_enc,cpu,5425.06,5425.2
0,185,eb_dec,cpu,5425.2,5425.35
0,185,h_s,dpu,5425.35,5427.5
0,185,gc,cpu,5427.5,5437.66
0,195,normalize,cpu,5438.21,5441.89
0,195,g_a_cpu,cpu,5441.89,5442.19
0,195,g_a,dpu,5442.19,5533.99
0,195,g_a,dpu,5533.99,5678.35
0,195,g_a_cpu,cpu,5678.36,5678.78
0,195,h_a,dpu,5678.79,5698.22
0,195,eb_enc,cpu,5698.22,5698.35
0,195,eb_dec,cpu,5698.35,5698.49
0,195,h_s,dpu,5698.49,5700.09
0,195,gc,cpu,5700.09,5709.84
0,205,normalize,cpu,5710.31,5713.97
0,205,g_a_cpu,cpu,5713.97,5714.36
0,205,g_a,dpu,5714.37,5832.3
0,205,g_a,dpu,5832.3,6050.45
0,205,g_a_cpu,cpu,6050.45,6050.83
0,205,h_a,dpu,6050.83,6052.93
0,205,eb_enc,cpu,6052.93,6053.07
0,205,eb_dec,cpu,6053.07,6053.21
0,205,h_s,dpu,6053.21,6082.78
0,205,gc,cpu,6082.79,6092.45
0,220,normalize,cpu,6093.19,6096.86
0,220,g_a_cpu,cpu,6096.86,6097.26
0,220,g_a,dpu,6097.27,6278.52
0,220,g_a,dpu,6278.52,6314.91
0,220,g_a_cpu,cpu,6314.91,6315.25
0,220,h_a,dpu,6315.25,6317.06
0,220,eb_enc,cpu,6317.06,6317.2
0,220,eb_dec,cpu,6317.21,6317.36
0,220,h_s,dpu,6317.36,6344.76
0,220,gc,cpu,6344.76,6354.42
0,232,normalize,cpu,6354.95,6359.35
0,232,g_a_cpu,cpu,6359.35,6359.72
0,232,g_a,dpu,6359.72,6502.54
0,232,g_a,dpu,6502.54,6615
0,232,g_a_cpu,cpu,6615,6615.53
0,232,h_a,dpu,6615.53,6667.32
0,232,eb_enc,cpu,6667.32,6667.47
0,232,eb_dec,cpu,6667.47,6667.62
0,232,h_s,dpu,6667.62,6720.84
0,232,gc,cpu,6720.85,6730.58
0,243,normalize,cpu,6731.09,6734.76
0,243,g_a_cpu,cpu,6734.76,6735.08
0,243,g_a,dpu,6735.09,6873.81
0,243,g_a,dpu,6873.82,6985.91
0,243,g_a_cpu,cpu,6985.92,6986.27
0,243,h_a,dpu,6986.27,7072.07
0,243,eb_enc,cpu,7072.07,7072.23
0,243,eb_dec,cpu,7072.23,7072.37
0,243,h_s,dpu,7072.37,7075.95
0,243,gc,cpu,7075.95,7086.24
0,254,normalize,cpu,7086.9,7090.62
0,254,g_a_cpu,cpu,7090.63,7090.95
0,254,g_a,dpu,7090.95,7171.7
0,254,g_a,dpu,7171.7,7208.01
0,254,g_a_cpu,cpu,7208.01,7208.4
0,254,h_a,dpu,7208.41,7262.66
0,254,eb_enc,cpu,7262.66,7262.81
0,254,eb_dec,cpu,7262.81,7262.96
0,254,h_s,dpu,7262.96,7321.9
0,254,gc,cpu,7321.9,7331.69
0,263,normalize,cpu,7332.27,7335.98
0,263,g_a_cpu,cpu,7335.98,7336.85
0,263,g_a,dpu,7336.86,7446.72
0,263,g_a,dpu,7446.72,7592.81
0,263,g_a_cpu,cpu,7592.81,7593.16
0,263,h_a,dpu,7593.16,7596.12
0,263,eb_enc,cpu,7596.12,7596.27
0,263,eb_dec,cpu,7596.27,7596.41
0,263,h_s,dpu,7596.41,7602.71
0,263,gc,cpu,7602.71,7612.52
0,273,normalize,cpu,7612.96,7616.61
0,273,g_a_cpu,cpu,7616.61,7616.93
0,273,g_a,dpu,7616.93,7762.32
0,273,g_a,dpu,7762.32,7798.6
0,273,g_a_cpu,cpu,7798.6,7798.94
0,273,h_a,dpu,7798.95,7901.27
0,273,eb_enc,cpu,7901.27,7901.43
0,273,eb_dec,cpu,7901.44,7901.58
0,273,h_s,dpu,7901.58,7917.69
0,273,gc,cpu,7917.69,7927.6
0,283,normalize,cpu,7928.09,7931.73
0,283,g_a_cpu,cpu,7931.74,7932.03
0,283,g_a,dpu,7932.04,8021.56
0,283,g_a,dpu,8021.56,8167.15
0,283,g_a_cpu,cpu,8167.15,8167.52
0,283,h_a,dpu,8167.53,8185.42
0,283,eb_enc,cpu,8185.42,8185.54
0,283,eb_dec,cpu,8185.54,8185.68
0,283,h_s,dpu,8185.68,8202.81
0,283,gc,cpu,8202.81,8212.56
0,294,normalize,cpu,8213.38,8217.02
0,294,g_a_cpu,cpu,8217.03,8217.36
0,294,g_a,dpu,8217.37,8364.32
0,294,g_a,dpu,8364.32,8475.8
0,294,g_a_cpu,cpu,8475.8,8476.18
0,294,h_a,dpu,8476.18,8483.94
0,294,eb_enc,cpu,8483.94,8484.07
0,294,eb_dec,cpu,8484.07,8484.23
0,294,h_s,dpu,8484.23,8538.29
0,294,gc,cpu,8538.29,8547.99
0,308,normalize,cpu,8548.52,8552.14
0,308,g_a_cpu,cpu,8552.15,8552.68
0,308,g_a,dpu,8552.68,8589.27
0,308,g_a,dpu,8589.28,8700.23
0,308,g_a_cpu,cpu,8700.24,8700.69
0,308,h_a,dpu,8700.69,8715.71
0,308,eb_enc,cpu,8715.71,8715.83
0,308,eb_dec,cpu,8715.83,8715.99
0,308,h_s,dpu,8715.99,8732.43
0,308,gc,cpu,8732.44,8744.41
0,315,normalize,cpu,8744.99,8748.65
0,315,g_a_cpu,cpu,8748.66,8748.94
0,315,g_a,dpu,8748.94,8889.85
0,315,g_a,dpu,8889.85,9001.24
0,315,g_a_cpu,cpu,9001.24,9001.64
0,315,h_a,dpu,9001.64,9003.05
0,315,eb_enc,cpu,9003.05,9003.18
0,315,eb_dec,cpu,9003.18,9003.31
0,315,h_s,dpu,9003.31,9046.76
0,315,gc,cpu,9046.77,9056.72
0,328,normalize,cpu,9057.2,9060.86
0,328,g_a_cpu,cpu,9060.87,9061.16
0,328,g_a,dpu,9061.16,9186.94
0,328,g_a,dpu,9186.94,9223.36
0,328,g_a_cpu,cpu,9223.36,9223.72
0,328,h_a,dpu,9223.72,9239.51
0,328,eb_enc,cpu,9239.51,9239.64
0,328,eb_dec,cpu,9239.64,9239.78
0,328,h_s,dpu,9239.78,9241.94
0,328,gc,cpu,9241.94,9251.65
0,333,normalize,cpu,9252.12,9255.83
0,333,g_a_cpu,cpu,9255.83,9256.03
0,333,g_a,dpu,9256.04,9445.47
0,333,g_a,dpu,9445.48,9596.17
0,333,g_a_cpu,cpu,9596.17,9596.64
0,333,h_a,dpu,9596.64,9644.38
0,333,eb_enc,cpu,9644.38,9644.5
0,333,eb_dec,cpu,9644.5,9644.64
0,333,h_s,dpu,9644.64,9645.93
0,333,gc,cpu,9645.93,9655.65
0,347,normalize,cpu,9656.18,9659.83
0,347,g_a_cpu,cpu,9659.83,9660.32
0,347,g_a,dpu,9660.32,9782.46
0,347,g_a,dpu,9782.47,9856.83
0,347,g_a_cpu,cpu,9856.83,9857.26
0,347,h_a,dpu,9857.26,9873.38
0,347,eb_enc,cpu,9873.38,9873.51
0,347,eb_dec,cpu,9873.51,9873.65
0,347,h_s,dpu,9873.65,9930.38
0,347,gc,cpu,9930.39,9940.25
0,359,normalize,cpu,9940.8,9944.46
0,359,g_a_cpu,cpu,9944.46,9944.78
0,359,g_a,dpu,9944.78,10078.4
0,359,g_a,dpu,10078.4,10164.3
0,359,g_a_cpu,cpu,10164.3,10164.7
0,359,h_a,dpu,10164.7,10242.5
0,359,eb_enc,cpu,10242.5,10242.6
0,359,eb_dec,cpu,10242.6,10242.8
0,359,h_s,dpu,10242.8,10314.3
0,359,gc,cpu,10314.3,10324
0,369,normalize,cpu,10324.5,10328.1
0,369,g_a_cpu,cpu,10328.1,10328.4
0,369,g_a,dpu,10328.4,10436.4
0,369,g_a,dpu,10436.4,10472.7
0,369,g_a_cpu,cpu,10472.7,10473.2
0,369,h_a,dpu,10473.2,10510.2
0,369,eb_enc,cpu,10510.2,10510.4
0,369,eb_dec,cpu,10510.4,10510.5
0,369,h_s,dpu,10510.5,10553.2
0,369,gc,cpu,10553.2,10563
0,378,normalize,cpu,10563.5,10567.2
0,378,g_a_cpu,cpu,10567.2,10567.4
0,378,g_a,dpu,10567.4,10692.6
0,378,g_a,dpu,10692.6,10840.5
0,378,g_a_cpu,cpu,10840.5,10840.9
0,378,h_a,dpu,10840.9,10857.4
0,378,eb_enc,cpu,10857.4,10857.5
0,378,eb_dec,cpu,10857.5,10857.6
0,378,h_s,dpu,10857.6,10878
0,378,gc,cpu,10878,10888
0,391,normalize,cpu,10888.8,10892.5
0,391,g_a_cpu,cpu,10892.5,10892.9
0,391,g_a,dpu,10892.9,11035.9
0,391,g_a,dpu,11035.9,11147.6
0,391,g_a_cpu,cpu,11147.7,11148
0,391,h_a,dpu,11148,11165.8
0,391,eb_enc,cpu,11165.8,11166
0,391,eb_dec,cpu,11166,11166.1
0,391,h_s,dpu,11166.1,11194.1
0,391,gc,cpu,11194.1,11203.7
0,405,normalize,cpu,11205,11208.7
0,405,g_a_cpu,cpu,11208.7,11209.2
0,405,g_a,dpu,11209.2,11340.9
0,405,g_a,dpu,11340.9,11452.6
0,405,g_a_cpu,cpu,11452.6,11453
0,405,h_a,dpu,11453,11467.6
0,405,eb_enc,cpu,11467.6,11467.7
0,405,eb_dec,cpu,11467.7,11467.9
0,405,h_s,dpu,11467.9,11506.2
0,405,gc,cpu,11506.2,11515.9
0,416,normalize,cpu,11516.5,11520.1
0,416,g_a_cpu,cpu,11520.1,11520.4
0,416,g_a,dpu,11520.4,11636.2
0,416,g_a,dpu,11636.2,11752.7
0,416,g_a_cpu,cpu,11752.7,11753
0,416,h_a,dpu,11753,11805.4
0,416,eb_enc,cpu,11805.4,11805.5
0,416,eb_dec,cpu,11805.5,11805.7
0,416,h_s,dpu,11805.7,11841.6
0,416,gc,cpu,11841.6,11851.3
0,427,normalize,cpu,11851.8,11855.5
0,427,g_a_cpu,cpu,11855.5,11855.7
0,427,g_a,dpu,11855.7,11973.2
0,427,g_a,dpu,11973.2,12084.4
0,427,g_a_cpu,cpu,12084.4,12084.9
0,427,h_a,dpu,12084.9,12137.2
0,427,eb_enc,cpu,12137.2,12137.4
0,427,eb_dec,cpu,12137.4,12137.5
0,427,h_s,dpu,12137.5,12152.8
0,427,gc,cpu,12152.8,12163.9
0,437,normalize,cpu,12164.4,12168.2
0,437,g_a_cpu,cpu,12168.3,12168.5
0,437,g_a,dpu,12168.5,12269
0,437,g_a,dpu,12269,12380
0,437,g_a_cpu,cpu,12380,12380.4
0,437,h_a,dpu,12380.4,12398.2
0,437,eb_enc,cpu,12398.2,12398.3
0,437,eb_dec,cpu,12398.3,12398.4
0,437,h_s,dpu,12398.4,12421.6
0,437,gc,cpu,12421.6,12431.4
0,449,normalize,cpu,12432,12435.8
0,449,g_a_cpu,cpu,12435.8,12436.6
0,449,g_a,dpu,12436.6,12641.9
0,449,g_a,dpu,12641.9,12717
0,449,g_a_cpu,cpu,12717,12717.5
0,449,h_a,dpu,12717.5,12734.5
0,449,eb_enc,cpu,12734.5,12734.7
0,449,eb_dec,cpu,12734.7,12734.8
0,449,h_s,dpu,12734.8,12780.9
0,449,gc,cpu,12780.9,12790.6
0,464,normalize,cpu,12791,12795.4
0,464,g_a_cpu,cpu,12795.4,12795.6
0,464,g_a,dpu,12795.6,12938.5
0,464,g_a,dpu,12938.5,13064.3
0,464,g_a_cpu,cpu,13064.3,13064.7
0,464,h_a,dpu,13064.7,13103.5
0,464,eb_enc,cpu,13103.5,13103.7
0,464,eb_dec,cpu,13103.7,13103.8
0,464,h_s,dpu,13103.8,13144.7
0,464,gc,cpu,13144.7,13154.9
0,476,normalize,cpu,13155.5,13159.2
0,476,g_a_cpu,cpu,13159.3,13159.5
0,476,g_a,dpu,13159.5,13292.4
0,476,g_a,dpu,13292.4,13440.4
0,476,g_a_cpu,cpu,13440.4,13440.8
0,476,h_a,dpu,13440.8,13449.1
0,476,eb_enc,cpu,13449.1,13449.3
0,476,eb_dec,cpu,13449.3,13449.4
0,476,h_s,dpu,13449.4,13465.2
0,476,gc,cpu,13465.2,13475
0,486,normalize,cpu,13475.5,13479.5
0,486,g_a_cpu,cpu,13479.5,13479.8
0,486,g_a,dpu,13479.8,13741.2
0,486,g_a,dpu,13741.2,13817.4
0,486,g_a_cpu,cpu,13817.4,13817.7
0,486,h_a,dpu,13817.7,13867.6
0,486,eb_enc,cpu,13867.6,13867.7
0,486,eb_dec,cpu,13867.7,13867.8
0,486,h_s,dpu,13867.8,13953.7
0,486,gc,cpu,13953.7,13963.5
0,504,normalize,cpu,13964,13968.8
0,504,g_a_cpu,cpu,13968.9,13969.1
0,504,g_a,dpu,13969.1,14039.5
0,504,g_a,dpu,14039.5,14189.1
0,504,g_a_cpu,cpu,14189.1,14189.5
0,504,h_a,dpu,14189.5,14238.1
0,504,eb_enc,cpu,14238.1,14238.3
0,504,eb_dec,cpu,14238.3,14238.4
0,504,h_s,dpu,14238.4,14256.3
0,504,gc,cpu,14256.3,14266.4
0,514,normalize,cpu,14267.1,14270.7
0,514,g_a_cpu,cpu,14270.7,14271
0,514,g_a,dpu,14271,14342.5
0,514,g_a,dpu,14342.5,14452.6
0,514,g_a_cpu,cpu,14452.6,14453
0,514,h_a,dpu,14453,14502.1
0,514,eb_enc,cpu,14502.1,14502.2
0,514,eb_dec,cpu,14502.2,14502.3
0,514,h_s,dpu,14502.3,14521.6
0,514,gc,cpu,14521.6,14531.4
0,524,normalize,cpu,14531.9,14535.6
0,524,g_a_cpu,cpu,14535.6,14535.8
0,524,g_a,dpu,14535.8,14638.5
0,524,g_a,dpu,14638.5,14674.8
0,524,g_a_cpu,cpu,14674.8,14675.2
0,524,h_a,dpu,14675.2,14726.7
0,524,eb_enc,cpu,14726.7,14726.9
0,524,eb_dec,cpu,14726.9,14727.1
0,524,h_s,dpu,14727.1,14767.4
0,524,gc,cpu,14767.4,14777
0,534,normalize,cpu,14777.5,14781.1
0,534,g_a_cpu,cpu,14781.1,14781.4
0,534,g_a,dpu,14781.4,14896.4
0,534,g_a,dpu,14896.4,14932.7
0,534,g_a_cpu,cpu,14932.7,14933.2
0,534,h_a,dpu,14933.2,14948.1
0,534,eb_enc,cpu,14948.1,14948.3
0,534,eb_dec,cpu,14948.3,14948.4
0,534,h_s,dpu,14948.4,14970.3
0,534,gc,cpu,14970.3,14979.9
0,543,normalize,cpu,14980.4,14984.2
0,543,g_a_cpu,cpu,14984.2,14984.4
0,543,g_a,dpu,14984.4,15128.4
0,543,g_a,dpu,15128.4,15164.8
0,543,g_a_cpu,cpu,15164.8,15165.3
0,543,h_a,dpu,15165.3,15172.6
0,543,eb_enc,cpu,15172.6,15172.8
0,543,eb_dec,cpu,15172.8,15172.9
0,543,h_s,dpu,15172.9,15205.2
0,543,gc,cpu,15205.2,15215
0,551,normalize,cpu,15215.5,15219.2
0,551,g_a_cpu,cpu,15219.2,15220
0,551,g_a,dpu,15220,15314
0,551,g_a,dpu,15314,15459.7
0,551,g_a_cpu,cpu,15459.7,15460.1
0,551,h_a,dpu,15460.1,15476.1
0,551,eb_enc,cpu,15476.1,15476.3
0,551,eb_dec,cpu,15476.3,15476.4
0,551,h_s,dpu,15476.4,15477.7
0,551,gc,cpu,15477.7,15487.5
0,560,normalize,cpu,15488.3,15491.9
0,560,g_a_cpu,cpu,15491.9,15492.3
0,560,g_a,dpu,15492.3,15609.9
0,560,g_a,dpu,15610,15760.3
0,560,g_a_cpu,cpu,15760.3,15760.7
0,560,h_a,dpu,15760.7,15762.7
0,560,eb_enc,cpu,15762.7,15762.8
0,560,eb_dec,cpu,15762.8,15763
0,560,h_s,dpu,15763,15807.9
0,560,gc,cpu,15807.9,15821.7
0,574,normalize,cpu,15822.2,15825.8
0,574,g_a_cpu,cpu,15825.8,15826.2
0,574,g_a,dpu,15826.2,15913.4
0,574,g_a,dpu,15913.5,16057
0,574,g_a_cpu,cpu,16057,16057.6
0,574,h_a,dpu,16057.6,16060.3
0,574,eb_enc,cpu,16060.3,16060.5
0,574,eb_dec,cpu,16060.5,16060.6
0,574,h_s,dpu,16060.6,16068.8
0,574,gc,cpu,16068.8,16078.7
0,582,normalize,cpu,16079.2,16082.9
0,582,g_a_cpu,cpu,16082.9,16083.3
0,582,g_a,dpu,16083.3,16212.6
0,582,g_a,dpu,16212.6,16322.3
0,582,g_a_cpu,cpu,16322.3,16322.9
0,582,h_a,dpu,16322.9,16325.3
0,582,eb_enc,cpu,16325.3,16325.4
0,582,eb_dec,cpu,16325.4,16325.6
0,582,h_s,dpu,16325.6,16354.3
0,582,gc,cpu,16354.3,16365.7
0,595,normalize,cpu,16366.2,16369.9
0,595,g_a_cpu,cpu,16369.9,16370.2
0,595,g_a,dpu,16370.2,16507.4
0,595,g_a,dpu,16507.4,16619.3
0,595,g_a_cpu,cpu,16619.3,16619.9
0,595,h_a,dpu,16619.9,16622
0,595,eb_enc,cpu,16622,16622.2
0,595,eb_dec,cpu,16622.2,16622.3
0,595,h_s,dpu,16622.3,16690.6
0,595,gc,cpu,16690.6,16700.3
0,606,normalize,cpu,16700.9,16705.8
0,606,g_a_cpu,cpu,16705.8,16706.1
0,606,g_a,dpu,16706.2,16814.1
0,606,g_a,dpu,16814.1,16850.6
0,606,g_a_cpu,cpu,16850.6,16850.9
0,606,h_a,dpu,16850.9,16867.5
0,606,eb_enc,cpu,16867.5,16867.6
0,606,eb_dec,cpu,16867.6,16867.7
0,606,h_s,dpu,16867.7,16884.8
0,606,gc,cpu,16884.8,16894.8
0,615,normalize,cpu,16895.3,16899
0,615,g_a_cpu,cpu,16899,16899.3
0,615,g_a,dpu,16899.3,17036.7
0,615,g_a,dpu,17036.7,17149.2
0,615,g_a_cpu,cpu,17149.2,17149.5
0,615,h_a,dpu,17149.5,17164.4
0,615,eb_enc,cpu,17164.4,17164.7
0,615,eb_dec,cpu,17164.7,17164.9
0,615,h_s,dpu,17164.9,17239.6
0,615,gc,cpu,17239.6,17249.8
0,627,normalize,cpu,17250.3,17254
0,627,g_a_cpu,cpu,17254,17254.3
0,627,g_a,dpu,17254.3,17371.7
0,627,g_a,dpu,17371.7,17452.4
0,627,g_a_cpu,cpu,17452.4,17452.8
0,627,h_a,dpu,17452.8,17501.2
0,627,eb_enc,cpu,17501.2,17501.3
0,627,eb_dec,cpu,17501.3,17501.5
0,627,h_s,dpu,17501.5,17565.8
0,627,gc,cpu,17565.8,17575.7
0,638,normalize,cpu,17576.1,17582.8
0,638,g_a_cpu,cpu,17582.8,17583.2
0,638,g_a,dpu,17583.2,17707.7
0,638,g_a,dpu,17707.7,17744
0,638,g_a_cpu,cpu,17744,17744.5
0,638,h_a,dpu,17744.5,17746.2
0,638,eb_enc,cpu,17746.2,17746.4
0,638,eb_dec,cpu,17746.4,17746.5
0,638,h_s,dpu,17746.5,17763.3
0,638,gc,cpu,17763.3,17773
0,646,normalize,cpu,17773.7,17777.4
0,646,g_a_cpu,cpu,17777.4,17777.6
0,646,g_a,dpu,17777.6,17893.3
0,646,g_a,dpu,17893.3,18038.7
0,646,g_a_cpu,cpu,18038.7,18039.4
0,646,h_a,dpu,18039.4,18054.4
0,646,eb_enc,cpu,18054.4,18054.5
0,646,eb_dec,cpu,18054.5,18054.7
0,646,h_s,dpu,18054.7,18115.3
0,646,gc,cpu,18115.3,18125
0,658,normalize,cpu,18125.6,18129.3
0,658,g_a_cpu,cpu,18129.3,18129.6
0,658,g_a,dpu,18129.6,18270.2
0,658,g_a,dpu,18270.2,18381.6
0,658,g_a_cpu,cpu,18381.6,18382
0,658,h_a,dpu,18382,18401.4
0,658,eb_enc,cpu,18401.4,18401.5
0,658,eb_dec,cpu,18401.5,18401.8
0,658,h_s,dpu,18401.8,18428.3
0,658,gc,cpu,18428.3,18438.1
0,669,normalize,cpu,18438.6,18442.3
0,669,g_a_cpu,cpu,18442.3,18442.6
0,669,g_a,dpu,18442.6,18566.5
0,669,g_a,dpu,18566.5,18679
0,669,g_a_cpu,cpu,18679,18679.3
0,669,h_a,dpu,18679.3,18701.1
0,669,eb_enc,cpu,18701.1,18701.2
0,669,eb_dec,cpu,18701.2,18701.4
0,669,h_s,dpu,18701.4,18722.9
0,669,gc,cpu,18722.9,18732.6
0,681,normalize,cpu,18733,18736.7
0,681,g_a_cpu,cpu,18736.7,18737
0,681,g_a,dpu,18737,18863.4
0,681,g_a,dpu,18863.4,18899.7
0,681,g_a_cpu,cpu,18899.7,18900.1
0,681,h_a,dpu,18900.1,18901.7
0,681,eb_enc,cpu,18901.7,18901.9
0,681,eb_dec,cpu,18901.9,18902.1
0,681,h_s,dpu,18902.1,18923.3
0,681,gc,cpu,18923.3,18933.3
0,690,normalize,cpu,18933.8,18937.5
0,690,g_a_cpu,cpu,18937.5,18937.8
0,690,g_a,dpu,18937.8,19100.8
0,690,g_a,dpu,19100.8,19251
0,690,g_a_cpu,cpu,19251,19251.5
0,690,h_a,dpu,19251.5,19267.5
0,690,eb_enc,cpu,19267.5,19267.6
0,690,eb_dec,cpu,19267.6,19267.8
0,690,h_s,dpu,19267.8,19358
0,690,gc,cpu,19358,19369
0,701,normalize,cpu,19369.5,19373.2
0,701,g_a_cpu,cpu,19373.2,19373.5
0,701,g_a,dpu,19373.5,19438.2
0,701,g_a,dpu,19438.2,19587.9
0,701,g_a_cpu,cpu,19587.9,19588.3
0,701,h_a,dpu,19588.3,19634.1
0,701,eb_enc,cpu,19634.1,19634.3
0,701,eb_dec,cpu,19634.3,19634.4
0,701,h_s,dpu,19634.4,19645.4
0,701,gc,cpu,19645.4,19655.5
0,712,normalize,cpu,19656.1,19659.7
0,712,g_a_cpu,cpu,19659.7,19660
0,712,g_a,dpu,19660,19750.7
0,712,g_a,dpu,19750.7,19896.1
0,712,g_a_cpu,cpu,19896.1,19896.6
0,712,h_a,dpu,19896.6,19934.2
0,712,eb_enc,cpu,19934.2,19934.3
0,712,eb_dec,cpu,19934.3,19934.5
0,712,h_s,dpu,19934.5,19951.3
0,712,gc,cpu,19951.3,19961
0,722,normalize,cpu,19961.5,19965.2
0,722,g_a_cpu,cpu,19965.2,19965.5
0,722,g_a,dpu,19965.5,20049
0,722,g_a,dpu,20049,20268.9
0,722,g_a_cpu,cpu,20268.9,20269.2
0,722,h_a,dpu,20269.2,20271.5
0,722,eb_enc,cpu,20271.5,20271.6
0,722,eb_dec,cpu,20271.6,20271.8
0,722,h_s,dpu,20271.8,20302.3
0,722,gc,cpu,20302.3,20312.6
0,738,normalize,cpu,20313.2,20316.9
0,738,g_a_cpu,cpu,20316.9,20317.2
0,738,g_a,dpu,20317.2,20420.1
0,738,g_a,dpu,20420.1,20529.8
0,738,g_a_cpu,cpu,20529.8,20530.1
0,738,h_a,dpu,20530.1,20531.8
0,738,eb_enc,cpu,20531.8,20531.9
0,738,eb_dec,cpu,20531.9,20532
0,738,h_s,dpu,20532,20707.4
0,738,gc,cpu,20707.4,20717.2
0,750,normalize,cpu,20717.8,20721.4
0,750,g_a_cpu,cpu,20721.4,20721.7
0,750,g_a,dpu,20721.7,20804.4
0,750,g_a,dpu,20804.4,20890.6
0,750,g_a_cpu,cpu,20890.6,20891
0,750,h_a,dpu,20891,20973.3
0,750,eb_enc,cpu,20973.3,20973.5
0,750,eb_dec,cpu,20973.5,20973.6
0,750,h_s,dpu,20973.6,21041.4
0,750,gc,cpu,21041.4,21051.4
0,760,normalize,cpu,21052,21055.6
0,760,g_a_cpu,cpu,21055.6,21056
0,760,g_a,dpu,21056,21125.4
0,760,g_a,dpu,21125.4,21269.3
0,760,g_a_cpu,cpu,21269.3,21269.7
0,760,h_a,dpu,21269.7,21312.6
0,760,eb_enc,cpu,21312.6,21312.7
0,760,eb_dec,cpu,21312.7,21312.9
0,760,h_s,dpu,21312.9,21318.4
0,760,gc,cpu,21318.4,21328.2
0,770,normalize,cpu,21328.7,21332.4
0,770,g_a_cpu,cpu,21332.4,21332.7
0,770,g_a,dpu,21332.7,21440.3
0,770,g_a,dpu,21440.3,21584.3
0,770,g_a_cpu,cpu,21584.3,21584.7
0,770,h_a,dpu,21584.7,21624.5
0,770,eb_enc,cpu,21624.5,21624.6
0,770,eb_dec,cpu,21624.6,21624.8
0,770,h_s,dpu,21624.8,21627.6
0,770,gc,cpu,21627.6,21637.3
0,780,normalize,cpu,21637.8,21641.5
0,780,g_a_cpu,cpu,21641.5,21641.8
0,780,g_a,dpu,21641.8,21745
0,780,g_a,dpu,21745,21888.5
0,780,g_a_cpu,cpu,21888.5,21888.9
0,780,h_a,dpu,21888.9,21933.5
0,780,eb_enc,cpu,21933.5,21933.7
0,780,eb_dec,cpu,21933.7,21933.8
0,780,h_s,dpu,21933.8,21936.6
0,780,gc,cpu,21936.6,21946.7
0,790,normalize,cpu,21947.2,21950.9
0,790,g_a_cpu,cpu,21950.9,21951.1
0,790,g_a,dpu,21951.1,22044.3
0,790,g_a,dpu,22044.3,22187.8
0,790,g_a_cpu,cpu,22187.8,22188.3
0,790,h_a,dpu,22188.3,22231.4
0,790,eb_enc,cpu,22231.4,22231.6
0,790,eb_dec,cpu,22231.6,22231.7
0,790,h_s,dpu,22231.7,22234.7
0,790,gc,cpu,22234.7,22245.1
0,801,normalize,cpu,22245.6,22249.3
0,801,g_a_cpu,cpu,22249.3,22249.6
0,801,g_a,dpu,22249.7,22414.1
0,801,g_a,dpu,22414.1,22523.1
0,801,g_a_cpu,cpu,22523.1,22523.5
0,801,h_a,dpu,22523.5,22540.2
0,801,eb_enc,cpu,22540.3,22540.4
0,801,eb_dec,cpu,22540.4,22540.5
0,801,h_s,dpu,22540.5,22557.1
0,801,gc,cpu,22557.1,22567
0,813,normalize,cpu,22567.5,22571.2
0,813,g_a_cpu,cpu,22571.2,22571.6
0,813,g_a,dpu,22571.6,22677.6
0,813,g_a,dpu,22677.6,22787.6
0,813,g_a_cpu,cpu,22787.6,22788
0,813,h_a,dpu,22788,22798.4
0,813,eb_enc,cpu,22798.4,22798.6
0,813,eb_dec,cpu,22798.6,22798.7
0,813,h_s,dpu,22798.7,22823.7
0,813,gc,cpu,22823.7,22834.8
0,822,normalize,cpu,22835.4,22839.1
0,822,g_a_cpu,cpu,22839.1,22839.4
0,822,g_a,dpu,22839.4,22975.1
0,822,g_a,dpu,22975.1,23083.7
0,822,g_a_cpu,cpu,23083.7,23084.1
0,822,h_a,dpu,23084.1,23086.1
0,822,eb_enc,cpu,23086.1,23086.2
0,822,eb_dec,cpu,23086.2,23086.3
0,822,h_s,dpu,23086.3,23087.9
0,822,gc,cpu,23087.9,23097.8
0,834,normalize,cpu,23098.2,23101.9
0,834,g_a_cpu,cpu,23101.9,23102.4
0,834,g_a,dpu,23102.4,23236.2
0,834,g_a,dpu,23236.2,23344.9
0,834,g_a_cpu,cpu,23344.9,23345.6
0,834,h_a,dpu,23345.6,23347.9
0,834,eb_enc,cpu,23347.9,23348.1
0,834,eb_dec,cpu,23348.1,23348.3
0,834,h_s,dpu,23348.3,23377.6
0,834,gc,cpu,23377.6,23387.4
0,845,normalize,cpu,23387.8,23391.5
0,845,g_a_cpu,cpu,23391.5,23391.8
0,845,g_a,dpu,23391.8,23532.9
0,845,g_a,dpu,23532.9,23681
0,845,g_a_cpu,cpu,23681,23681.6
0,845,h_a,dpu,23681.6,23700.8
0,845,eb_enc,cpu,23700.8,23700.9
0,845,eb_dec,cpu,23700.9,23701
0,845,h_s,dpu,23701,23724.8
0,845,gc,cpu,23724.8,23734.4
0,858,normalize,cpu,23734.8,23738.6
0,858,g_a_cpu,cpu,23738.6,23738.9
0,858,g_a,dpu,23738.9,23866
0,858,g_a,dpu,23866,23902.3
0,858,g_a_cpu,cpu,23902.3,23902.8
0,858,h_a,dpu,23902.8,23904.6
0,858,eb_enc,cpu,23904.6,23904.7
0,858,eb_dec,cpu,23904.7,23904.9
0,858,h_s,dpu,23904.9,23941.3
0,858,gc,cpu,23941.3,23951
0,867,normalize,cpu,23951.5,23955.1
0,867,g_a_cpu,cpu,23955.1,23955.4
0,867,g_a,dpu,23955.4,24087
0,867,g_a,dpu,24087,24200.7
0,867,g_a_cpu,cpu,24200.7,24201.2
0,867,h_a,dpu,24201.2,24254
0,867,eb_enc,cpu,24254,24254.1
0,867,eb_dec,cpu,24254.1,24254.3
0,867,h_s,dpu,24254.3,24313.6
0,867,gc,cpu,24313.6,24323.4
0,879,normalize,cpu,24323.8,24327.5
0,879,g_a_cpu,cpu,24327.5,24327.7
0,879,g_a,dpu,24327.8,24423
0,879,g_a,dpu,24423,24536.2
0,879,g_a_cpu,cpu,24536.2,24536.7
0,879,h_a,dpu,24536.7,24589.4
0,879,eb_enc,cpu,24589.4,24589.6
0,879,eb_dec,cpu,24589.6,24589.8
0,879,h_s,dpu,24589.8,24627.7
0,879,gc,cpu,24627.7,24637.5
0,889,normalize,cpu,24637.9,24641.6
0,889,g_a_cpu,cpu,24641.6,24642
0,889,g_a,dpu,24642,24722.6
0,889,g_a,dpu,24722.6,24759
0,889,g_a_cpu,cpu,24759,24759.3
0,889,h_a,dpu,24759.3,24810.8
0,889,eb_enc,cpu,24810.9,24811
0,889,eb_dec,cpu,24811,24811.1
0,889,h_s,dpu,24811.1,24890
0,889,gc,cpu,24890,24899.9
0,900,normalize,cpu,24900.4,24904
0,900,g_a_cpu,cpu,24904,24904.6
0,900,g_a,dpu,24904.6,25017.1
0,900,g_a,dpu,25017.1,25127.1
0,900,g_a_cpu,cpu,25127.1,25127.5
0,900,h_a,dpu,25127.5,25181.3
0,900,eb_enc,cpu,25181.3,25181.4
0,900,eb_dec,cpu,25181.4,25181.6
0,900,h_s,dpu,25181.6,25182.9
0,900,gc,cpu,25182.9,25192.8
0,911,normalize,cpu,25193.3,25197
0,911,g_a_cpu,cpu,25197,25197.4
0,911,g_a,dpu,25197.4,25280.5
0,911,g_a,dpu,25280.5,25390.1
0,911,g_a_cpu,cpu,25390.1,25390.5
0,911,h_a,dpu,25390.5,25441.3
0,911,eb_enc,cpu,25441.3,25441.5
0,911,eb_dec,cpu,25441.5,25441.6
0,911,h_s,dpu,25441.6,25457.9
0,911,gc,cpu,25457.9,25468.5
0,921,normalize,cpu,25469,25472.7
0,921,g_a_cpu,cpu,25472.7,25473.1
0,921,g_a,dpu,25473.1,25574
0,921,g_a,dpu,25574,25684
0,921,g_a_cpu,cpu,25684,25684.4
0,921,h_a,dpu,25684.4,25702.7
0,921,eb_enc,cpu,25702.7,25702.8
0,921,eb_dec,cpu,25702.8,25703
0,921,h_s,dpu,25703,25705.6
0,921,gc,cpu,25705.6,25715.2
1,8,normalize,cpu,83.9128,87.5917
1,8,g_a_cpu,cpu,87.6968,88.1461
1,8,g_a,dpu,88.151,191.792
1,8,g_a,dpu,191.797,301.358
1,8,g_a_cpu,cpu,301.359,301.846
1,8,h_a,dpu,301.853,307.426
1,8,eb_enc,cpu,307.427,307.553
1,8,eb_dec,cpu,307.554,307.673
1,8,h_s,dpu,307.673,377.236
1,8,gc,cpu,377.244,395.613
1,17,normalize,cpu,396.239,399.853
1,17,g_a_cpu,cpu,399.856,400.135
1,17,g_a,dpu,400.139,497.89
1,17,g_a,dpu,497.892,605.668
1,17,g_a_cpu,cpu,605.67,606.087
1,17,h_a,dpu,606.089,609.042
1,17,eb_enc,cpu,609.043,609.176
1,17,eb_dec,cpu,609.179,609.312
1,17,h_s,dpu,609.312,785.843
1,17,gc,cpu,785.845,795.689
1,29,normalize,cpu,796.238,799.841
1,29,g_a_cpu,cpu,799.844,800.133
1,29,g_a,dpu,800.136,866.348
1,29,g_a,dpu,866.349,909.818
1,29,g_a_cpu,cpu,909.819,910.177
1,29,h_a,dpu,910.178,922.135
1,29,eb_enc,cpu,922.136,922.259
1,29,eb_dec,cpu,922.259,922.373
1,29,h_s,dpu,922.373,1046.16
1,29,gc,cpu,1046.16,1056.13
1,38,normalize,cpu,1056.73,1060.36
1,38,g_a_cpu,cpu,1060.37,1061.78
1,38,g_a,dpu,1061.79,1135.12
1,38,g_a,dpu,1135.12,1172.61
1,38,g_a_cpu,cpu,1172.62,1172.99
1,38,h_a,dpu,1172.99,1195.99
1,38,eb_enc,cpu,1195.99,1196.13
1,38,eb_dec,cpu,1196.13,1196.27
1,38,h_s,dpu,1196.27,1281.46
1,38,gc,cpu,1281.46,1291.53
1,47,normalize,cpu,1292.02,1295.66
1,47,g_a_cpu,cpu,1295.66,1295.94
1,47,g_a,dpu,1295.95,1363.78
1,47,g_a,dpu,1363.78,1400.25
1,47,g_a_cpu,cpu,1400.25,1400.75
1,47,h_a,dpu,1400.75,1435.92
1,47,eb_enc,cpu,1435.92,1436.05
1,47,eb_dec,cpu,1436.05,1436.17
1,47,h_s,dpu,1436.17,1471.55
1,47,gc,cpu,1471.55,1481.39
1,56,normalize,cpu,1481.91,1485.62
1,56,g_a_cpu,cpu,1485.62,1485.92
1,56,g_a,dpu,1485.93,1560.37
1,56,g_a,dpu,1560.37,1632.43
1,56,g_a_cpu,cpu,1632.43,1632.88
1,56,h_a,dpu,1632.88,1637.89
1,56,eb_enc,cpu,1637.89,1638.02
1,56,eb_dec,cpu,1638.02,1638.13
1,56,h_s,dpu,1638.13,1695.68
1,56,gc,cpu,1695.68,1705.97
1,65,normalize,cpu,1706.44,1710.26
1,65,g_a_cpu,cpu,1710.26,1710.7
1,65,g_a,dpu,1710.71,1818.59
1,65,g_a,dpu,1818.59,1892.45
1,65,g_a_cpu,cpu,1892.46,1892.98
1,65,h_a,dpu,1893,1924.87
1,65,eb_enc,cpu,1924.87,1925.01
1,65,eb_dec,cpu,1925.01,1925.13
1,65,h_s,dpu,1925.13,1996.31
1,65,gc,cpu,1996.31,2005.95
1,75,normalize,cpu,2006.43,2010.14
1,75,g_a_cpu,cpu,2010.14,2010.52
1,75,g_a,dpu,2010.52,2083.09
1,75,g_a,dpu,2083.1,2155.21
1,75,g_a_cpu,cpu,2155.21,2155.66
1,75,h_a,dpu,2155.67,2161.28
1,75,eb_enc,cpu,2161.28,2161.45
1,75,eb_dec,cpu,2161.45,2161.57
1,75,h_s,dpu,2161.57,2229.58
1,75,gc,cpu,2229.58,2239.9
1,83,normalize,cpu,2240.7,2244.36
1,83,g_a_cpu,cpu,2244.37,2244.91
1,83,g_a,dpu,2244.91,2312.06
1,83,g_a,dpu,2312.06,2419.82
1,83,g_a_cpu,cpu,2419.82,2420.28
1,83,h_a,dpu,2420.28,2422.99
1,83,eb_enc,cpu,2422.99,2423.16
1,83,eb_dec,cpu,2423.16,2423.34
1,83,h_s,dpu,2423.34,2486.06
1,83,gc,cpu,2486.06,2496.04
1,91,normalize,cpu,2496.62,2500.26
1,91,g_a_cpu,cpu,2500.26,2500.75
1,91,g_a,dpu,2500.76,2572.65
1,91,g_a,dpu,2572.65,2685.2
1,91,g_a_cpu,cpu,2685.2,2685.67
1,91,h_a,dpu,2685.67,2739.8
1,91,eb_enc,cpu,2739.8,2739.92
1,91,eb_dec,cpu,2739.92,2740.04
1,91,h_s,dpu,2740.04,2817.02
1,91,gc,cpu,2817.02,2827.31
1,105,normalize,cpu,2827.95,2831.71
1,105,g_a_cpu,cpu,2831.72,2832.12
1,105,g_a,dpu,2832.12,2868.74
1,105,g_a,dpu,2868.74,3013.86
1,105,g_a_cpu,cpu,3013.86,3014.25
1,105,h_a,dpu,3014.26,3017.23
1,105,eb_enc,cpu,3017.23,3017.36
1,105,eb_dec,cpu,3017.36,3017.48
1,105,h_s,dpu,3017.48,3093.71
1,105,gc,cpu,3093.71,3103.93
1,116,normalize,cpu,3104.45,3108.13
1,116,g_a_cpu,cpu,3108.13,3108.56
1,116,g_a,dpu,3108.56,3200.53
1,116,g_a,dpu,3200.53,3308.25
1,116,g_a_cpu,cpu,3308.25,3308.68
1,116,h_a,dpu,3308.68,3312.12
1,116,eb_enc,cpu,3312.12,3312.29
1,116,eb_dec,cpu,3312.29,3312.42
1,116,h_s,dpu,3312.43,3388.37
1,116,gc,cpu,3388.37,3397.97
1,125,normalize,cpu,3398.44,3402.14
1,125,g_a_cpu,cpu,3402.15,3402.52
1,125,g_a,dpu,3402.52,3512.04
1,125,g_a,dpu,3512.04,3585.44
1,125,g_a_cpu,cpu,3585.44,3585.78
1,125,h_a,dpu,3585.79,3590.94
1,125,eb_enc,cpu,3590.94,3591.06
1,125,eb_dec,cpu,3591.06,3591.18
1,125,h_s,dpu,3591.19,3649.12
1,125,gc,cpu,3649.13,3658.78
1,134,normalize,cpu,3659.29,3663.04
1,134,g_a_cpu,cpu,3663.04,3663.36
1,134,g_a,dpu,3663.37,3735.32
1,134,g_a,dpu,3735.32,3771.98
1,134,g_a_cpu,cpu,3771.98,3772.35
1,134,h_a,dpu,3772.35,3820.6
1,134,eb_enc,cpu,3820.6,3820.73
1,134,eb_dec,cpu,3820.73,3820.85
1,134,h_s,dpu,3820.85,3911.48
1,134,gc,cpu,3911.48,3921.5
1,143,normalize,cpu,3921.96,3925.67
1,143,g_a_cpu,cpu,3925.68,3926.1
1,143,g_a,dpu,3926.1,3962.73
1,143,g_a,dpu,3962.73,4035.61
1,143,g_a_cpu,cpu,4035.61,4036.06
1,143,h_a,dpu,4036.06,4059.5
1,143,eb_enc,cpu,4059.5,4059.68
1,143,eb_dec,cpu,4059.69,4059.82
1,143,h_s,dpu,4059.82,4170.26
1,143,gc,cpu,4170.27,4180.95
1,152,normalize,cpu,4181.42,4185.1
1,152,g_a_cpu,cpu,4185.1,4185.36
1,152,g_a,dpu,4185.37,4221.97
1,152,g_a,dpu,4221.97,4260.38
1,152,g_a_cpu,cpu,4260.38,4260.73
1,152,h_a,dpu,4260.73,4364.76
1,152,eb_enc,cpu,4364.76,4364.9
1,152,eb_dec,cpu,4364.9,4365.02
1,152,h_s,dpu,4365.02,4471.31
1,152,gc,cpu,4471.31,4481.43
1,162,normalize,cpu,4481.99,4485.67
1,162,g_a_cpu,cpu,4485.68,4486.03
1,162,g_a,dpu,4486.03,4522.65
1,162,g_a,dpu,4522.65,4560.75
1,162,g_a_cpu,cpu,4560.75,4561.12
1,162,h_a,dpu,4561.12,4564.39
1,162,eb_enc,cpu,4564.39,4564.54
1,162,eb_dec,cpu,4564.54,4564.66
1,162,h_s,dpu,4564.66,4656.54
1,162,gc,cpu,4656.54,4666.14
1,168,normalize,cpu,4666.67,4670.37
1,168,g_a_cpu,cpu,4670.37,4670.66
1,168,g_a,dpu,4670.67,4753.59
1,168,g_a,dpu,4753.6,4791.9
1,168,g_a_cpu,cpu,4791.9,4792.31
1,168,h_a,dpu,4792.32,4877.26
1,168,eb_enc,cpu,4877.26,4877.49
1,168,eb_dec,cpu,4877.49,4877.64
1,168,h_s,dpu,4877.64,4924.61
1,168,gc,cpu,4924.61,4934.79
1,180,normalize,cpu,4935.62,4939.33
1,180,g_a_cpu,cpu,4939.34,4939.7
1,180,g_a,dpu,4939.7,4976.32
1,180,g_a,dpu,4976.32,5012.64
1,180,g_a_cpu,cpu,5012.64,5013.06
1,180,h_a,dpu,5013.06,5083.14
1,180,eb_enc,cpu,5083.14,5083.26
1,180,eb_dec,cpu,5083.26,5083.38
1,180,h_s,dpu,5083.38,5188.94
1,180,gc,cpu,5188.94,5198.86
1,188,normalize,cpu,5200.17,5210.86
1,188,g_a_cpu,cpu,5210.86,5211.33
1,188,g_a,dpu,5211.33,5351.43
1,188,g_a,dpu,5351.43,5423.24
1,188,g_a_cpu,cpu,5423.25,5423.59
1,188,h_a,dpu,5423.59,5426.37
1,188,eb_enc,cpu,5426.37,5426.53
1,188,eb_dec,cpu,5426.53,5426.65
1,188,h_s,dpu,5426.65,5498.17
1,188,gc,cpu,5498.17,5508.09
1,200,normalize,cpu,5508.71,5512.35
1,200,g_a_cpu,cpu,5512.35,5512.82
1,200,g_a,dpu,5512.82,5551.22
1,200,g_a,dpu,5551.22,5659.82
1,200,g_a_cpu,cpu,5659.82,5660.31
1,200,h_a,dpu,5660.31,5676.9
1,200,eb_enc,cpu,5676.9,5677.02
1,200,eb_dec,cpu,5677.02,5677.13
1,200,h_s,dpu,5677.13,5791.27
1,200,gc,cpu,5791.27,5801.34
1,210,normalize,cpu,5801.86,5805.54
1,210,g_a_cpu,cpu,5805.54,5805.92
1,210,g_a,dpu,5805.92,5878.01
1,210,g_a,dpu,5878.01,5986.66
1,210,g_a_cpu,cpu,5986.67,5987.1
1,210,h_a,dpu,5987.1,6004.08
1,210,eb_enc,cpu,6004.08,6004.26
1,210,eb_dec,cpu,6004.26,6004.38
1,210,h_s,dpu,6004.38,6092.68
1,210,gc,cpu,6092.68,6102.79
1,221,normalize,cpu,6103.34,6106.99
1,221,g_a_cpu,cpu,6107,6107.35
1,221,g_a,dpu,6107.35,6180.51
1,221,g_a,dpu,6180.51,6252.34
1,221,g_a_cpu,cpu,6252.34,6252.76
1,221,h_a,dpu,6252.77,6273.66
1,221,eb_enc,cpu,6273.66,6273.79
1,221,eb_dec,cpu,6273.79,6273.91
1,221,h_s,dpu,6273.91,6320.06
1,221,gc,cpu,6320.06,6333.96
1,231,normalize,cpu,6334.6,6338.24
1,231,g_a_cpu,cpu,6338.25,6338.65
1,231,g_a,dpu,6338.65,6406.06
1,231,g_a,dpu,6406.06,6478
1,231,g_a_cpu,cpu,6478,6478.45
1,231,h_a,dpu,6478.45,6496.89
1,231,eb_enc,cpu,6496.89,6497.05
1,231,eb_dec,cpu,6497.05,6497.18
1,231,h_s,dpu,6497.18,6579.15
1,231,gc,cpu,6579.15,6588.99
1,237,normalize,cpu,6589.5,6593.16
1,237,g_a_cpu,cpu,6593.16,6593.54
1,237,g_a,dpu,6593.54,6630.19
1,237,g_a,dpu,6630.2,6704.54
1,237,g_a_cpu,cpu,6704.54,6704.94
1,237,h_a,dpu,6704.94,6759.19
1,237,eb_enc,cpu,6759.19,6759.32
1,237,eb_dec,cpu,6759.32,6759.44
1,237,h_s,dpu,6759.44,6874.54
1,237,gc,cpu,6874.54,6884.85
1,248,normalize,cpu,6885.48,6889.14
1,248,g_a_cpu,cpu,6889.14,6889.48
1,248,g_a,dpu,6889.49,6926.4
1,248,g_a,dpu,6926.41,6998.2
1,248,g_a_cpu,cpu,6998.2,6998.57
1,248,h_a,dpu,6998.57,7028.74
1,248,eb_enc,cpu,7028.74,7028.86
1,248,eb_dec,cpu,7028.87,7028.98
1,248,h_s,dpu,7028.98,7098.35
1,248,gc,cpu,7098.35,7108.35
1,256,normalize,cpu,7108.89,7113.77
1,256,g_a_cpu,cpu,7113.77,7114.11
1,256,g_a,dpu,7114.11,7151.52
1,256,g_a,dpu,7151.52,7224.82
1,256,g_a_cpu,cpu,7224.82,7225.16
1,256,h_a,dpu,7225.16,7316.04
1,256,eb_enc,cpu,7316.04,7316.22
1,256,eb_dec,cpu,7316.22,7316.34
1,256,h_s,dpu,7316.34,7358.75
1,256,gc,cpu,7358.76,7368.87
1,267,normalize,cpu,7369.55,7373.31
1,267,g_a_cpu,cpu,7373.32,7373.69
1,267,g_a,dpu,7373.69,7410.43
1,267,g_a,dpu,7410.43,7482.88
1,267,g_a_cpu,cpu,7482.88,7483.2
1,267,h_a,dpu,7483.2,7559.76
1,267,eb_enc,cpu,7559.76,7559.92
1,267,eb_dec,cpu,7559.92,7560.04
1,267,h_s,dpu,7560.04,7668.98
1,267,gc,cpu,7668.98,7679.25
1,275,normalize,cpu,7679.84,7683.54
1,275,g_a_cpu,cpu,7683.55,7683.85
1,275,g_a,dpu,7683.85,7720.5
1,275,g_a,dpu,7720.5,7828.26
1,275,g_a_cpu,cpu,7828.26,7828.7
1,275,h_a,dpu,7828.7,7875.15
1,275,eb_enc,cpu,7875.15,7875.29
1,275,eb_dec,cpu,7875.29,7875.4
1,275,h_s,dpu,7875.41,7946.4
1,275,gc,cpu,7946.4,7956.66
1,285,normalize,cpu,7957.27,7960.95
1,285,g_a_cpu,cpu,7960.95,7961.25
1,285,g_a,dpu,7961.25,7998.32
1,285,g_a,dpu,7998.32,8037.8
1,285,g_a_cpu,cpu,8037.81,8038.36
1,285,h_a,dpu,8038.37,8080.21
1,285,eb_enc,cpu,8080.21,8080.35
1,285,eb_dec,cpu,8080.35,8080.47
1,285,h_s,dpu,8080.47,8205.48
1,285,gc,cpu,8205.48,8215.29
1,295,normalize,cpu,8215.77,8219.43
1,295,g_a_cpu,cpu,8219.44,8219.76
1,295,g_a,dpu,8219.77,8256.35
1,295,g_a,dpu,8256.36,8292.87
1,295,g_a_cpu,cpu,8292.88,8293.39
1,295,h_a,dpu,8293.4,8314.82
1,295,eb_enc,cpu,8314.82,8314.94
1,295,eb_dec,cpu,8314.94,8315.06
1,295,h_s,dpu,8315.06,8403.97
1,295,gc,cpu,8403.98,8418.76
1,302,normalize,cpu,8419.4,8423.07
1,302,g_a_cpu,cpu,8423.08,8423.45
1,302,g_a,dpu,8423.46,8482.99
1,302,g_a,dpu,8482.99,8521.09
1,302,g_a_cpu,cpu,8521.1,8521.49
1,302,h_a,dpu,8521.49,8577.01
1,302,eb_enc,cpu,8577.01,8577.15
1,302,eb_dec,cpu,8577.15,8577.26
1,302,h_s,dpu,8577.26,8663.9
1,302,gc,cpu,8663.9,8673.82
1,313,normalize,cpu,8674.26,8677.94
1,313,g_a_cpu,cpu,8677.94,8678.24
1,313,g_a,dpu,8678.24,8714.69
1,313,g_a,dpu,8714.69,8752.57
1,313,g_a_cpu,cpu,8752.57,8753
1,313,h_a,dpu,8753,8770.98
1,313,eb_enc,cpu,8770.99,8771.12
1,313,eb_dec,cpu,8771.12,8771.24
1,313,h_s,dpu,8771.24,8890.71
1,313,gc,cpu,8890.71,8900.46
1,321,normalize,cpu,8900.94,8904.66
1,321,g_a_cpu,cpu,8904.66,8904.92
1,321,g_a,dpu,8904.93,8941.47
1,321,g_a,dpu,8941.48,8979.46
1,321,g_a_cpu,cpu,8979.46,8980.05
1,321,h_a,dpu,8980.05,9008.96
1,321,eb_enc,cpu,9008.96,9009.1
1,321,eb_dec,cpu,9009.1,9009.22
1,321,h_s,dpu,9009.22,9114.34
1,321,gc,cpu,9114.34,9125.19
1,329,normalize,cpu,9126.12,9129.93
1,329,g_a_cpu,cpu,9129.93,9130.34
1,329,g_a,dpu,9130.34,9200.26
1,329,g_a,dpu,9200.26,9237.61
1,329,g_a_cpu,cpu,9237.61,9237.94
1,329,h_a,dpu,9237.94,9240.62
1,329,eb_enc,cpu,9240.63,9240.74
1,329,eb_dec,cpu,9240.74,9240.85
1,329,h_s,dpu,9240.85,9556.97
1,329,gc,cpu,9556.97,9566.57
1,344,normalize,cpu,9567.03,9570.67
1,344,g_a_cpu,cpu,9570.68,9571
1,344,g_a,dpu,9571,9643.41
1,344,g_a,dpu,9643.41,9720.5
1,344,g_a_cpu,cpu,9720.51,9720.85
1,344,h_a,dpu,9720.85,9774.29
1,344,eb_enc,cpu,9774.29,9774.47
1,344,eb_dec,cpu,9774.47,9774.61
1,344,h_s,dpu,9774.61,9820.92
1,344,gc,cpu,9820.92,9831.05
1,352,normalize,cpu,9831.6,9835.28
1,352,g_a_cpu,cpu,9835.28,9835.62
1,352,g_a,dpu,9835.62,9872.25
1,352,g_a,dpu,9872.26,9920.33
1,352,g_a_cpu,cpu,9920.33,9920.81
1,352,h_a,dpu,9920.82,10008.3
1,352,eb_enc,cpu,10008.3,10008.4
1,352,eb_dec,cpu,10008.4,10008.5
1,352,h_s,dpu,10008.5,10116
1,352,gc,cpu,10116,10126.1
1,363,normalize,cpu,10126.7,10130.5
1,363,g_a_cpu,cpu,10130.5,10130.8
1,363,g_a,dpu,10130.8,10169.7
1,363,g_a,dpu,10169.7,10278.9
1,363,g_a_cpu,cpu,10278.9,10279.3
1,363,h_a,dpu,10279.3,10317.3
1,363,eb_enc,cpu,10317.3,10317.4
1,363,eb_dec,cpu,10317.4,10317.6
1,363,h_s,dpu,10317.6,10385.5
1,363,gc,cpu,10385.5,10395.6
1,373,normalize,cpu,10396.3,10400.1
1,373,g_a_cpu,cpu,10400.1,10400.6
1,373,g_a,dpu,10400.6,10437.3
1,373,g_a,dpu,10437.3,10509.2
1,373,g_a_cpu,cpu,10509.2,10509.6
1,373,h_a,dpu,10509.6,10552.2
1,373,eb_enc,cpu,10552.2,10552.4
1,373,eb_dec,cpu,10552.4,10552.5
1,373,h_s,dpu,10552.5,10656.8
1,373,gc,cpu,10656.8,10666.6
1,383,normalize,cpu,10667.2,10670.9
1,383,g_a_cpu,cpu,10670.9,10671.4
1,383,g_a,dpu,10671.4,10707.9
1,383,g_a,dpu,10707.9,10744.7
1,383,g_a_cpu,cpu,10744.7,10745.1
1,383,h_a,dpu,10745.1,10798.8
1,383,eb_enc,cpu,10798.8,10799
1,383,eb_dec,cpu,10799,10799.1
1,383,h_s,dpu,10799.1,10881.3
1,383,gc,cpu,10881.3,10891.1
1,392,normalize,cpu,10891.6,10895.3
1,392,g_a_cpu,cpu,10895.3,10895.6
1,392,g_a,dpu,10895.6,10932.3
1,392,g_a,dpu,10932.3,10971.8
1,392,g_a_cpu,cpu,10971.8,10972.2
1,392,h_a,dpu,10972.2,11030.5
1,392,eb_enc,cpu,11030.5,11030.6
1,392,eb_dec,cpu,11030.6,11030.7
1,392,h_s,dpu,11030.7,11111.7
1,392,gc,cpu,11111.7,11122
1,400,normalize,cpu,11122.5,11126.2
1,400,g_a_cpu,cpu,11126.2,11126.7
1,400,g_a,dpu,11126.7,11164.8
1,400,g_a,dpu,11164.8,11202.7
1,400,g_a_cpu,cpu,11202.7,11203.1
1,400,h_a,dpu,11203.1,11274.7
1,400,eb_enc,cpu,11274.7,11274.9
1,400,eb_dec,cpu,11274.9,11275
1,400,h_s,dpu,11275,11415.2
1,400,gc,cpu,11415.2,11425.1
1,410,normalize,cpu,11425.7,11429.5
1,410,g_a_cpu,cpu,11429.5,11429.9
1,410,g_a,dpu,11429.9,11466.5
1,410,g_a,dpu,11466.5,11504.1
1,410,g_a_cpu,cpu,11504.1,11504.6
1,410,h_a,dpu,11504.6,11546.7
1,410,eb_enc,cpu,11546.7,11546.9
1,410,eb_dec,cpu,11546.9,11547
1,410,h_s,dpu,11547,11674.2
1,410,gc,cpu,11674.2,11688.9
1,421,normalize,cpu,11689.5,11693.1
1,421,g_a_cpu,cpu,11693.1,11693.4
1,421,g_a,dpu,11693.4,11729.9
1,421,g_a,dpu,11729.9,11804.3
1,421,g_a_cpu,cpu,11804.3,11804.8
1,421,h_a,dpu,11804.8,11840.6
1,421,eb_enc,cpu,11840.6,11840.8
1,421,eb_dec,cpu,11840.8,11840.9
1,421,h_s,dpu,11840.9,11937.3
1,421,gc,cpu,11937.3,11947.7
1,429,normalize,cpu,11948.2,11951.8
1,429,g_a_cpu,cpu,11951.8,11952.2
1,429,g_a,dpu,11952.2,11988.8
1,429,g_a,dpu,11988.8,12025.2
1,429,g_a_cpu,cpu,12025.2,12025.6
1,429,h_a,dpu,12025.7,12071.6
1,429,eb_enc,cpu,12071.6,12071.8
1,429,eb_dec,cpu,12071.8,12071.9
1,429,h_s,dpu,12071.9,12159.4
1,429,gc,cpu,12159.4,12169.4
1,438,normalize,cpu,12169.9,12173.5
1,438,g_a_cpu,cpu,12173.5,12174
1,438,g_a,dpu,12174,12213.2
1,438,g_a,dpu,12213.2,12249.6
1,438,g_a_cpu,cpu,12249.6,12250.1
1,438,h_a,dpu,12250.1,12303
1,438,eb_enc,cpu,12303,12303.1
1,438,eb_dec,cpu,12303.1,12303.2
1,438,h_s,dpu,12303.2,12382.4
1,438,gc,cpu,12382.4,12392
1,446,normalize,cpu,12392.5,12396.1
1,446,g_a_cpu,cpu,12396.2,12396.7
1,446,g_a,dpu,12396.7,12435
1,446,g_a,dpu,12435,12472.3
1,446,g_a_cpu,cpu,12472.4,12473
1,446,h_a,dpu,12473.1,12500.7
1,446,eb_enc,cpu,12500.7,12500.8
1,446,eb_dec,cpu,12500.8,12501
1,446,h_s,dpu,12501,12643.9
1,446,gc,cpu,12643.9,12653.8
1,455,normalize,cpu,12654.4,12658.1
1,455,g_a_cpu,cpu,12658.1,12658.5
1,455,g_a,dpu,12658.5,12695.1
1,455,g_a,dpu,12695.1,12732.9
1,455,g_a_cpu,cpu,12732.9,12733.5
1,455,h_a,dpu,12733.5,12779.9
1,455,eb_enc,cpu,12779.9,12780
1,455,eb_dec,cpu,12780,12780.1
1,455,h_s,dpu,12780.1,12865.9
1,455,gc,cpu,12865.9,12875.6
1,465,normalize,cpu,12876.2,12879.8
1,465,g_a_cpu,cpu,12879.8,12880.1
1,465,g_a,dpu,12880.1,12918.4
1,465,g_a,dpu,12918.4,12955.5
1,465,g_a_cpu,cpu,12955.5,12955.8
1,465,h_a,dpu,12955.8,12973.5
1,465,eb_enc,cpu,12973.5,12973.6
1,465,eb_dec,cpu,12973.6,12973.7
1,465,h_s,dpu,12973.7,13102.3
1,465,gc,cpu,13102.3,13112.4
1,474,normalize,cpu,13112.9,13116.6
1,474,g_a_cpu,cpu,13116.6,13116.8
1,474,g_a,dpu,13116.8,13177.6
1,474,g_a,dpu,13177.6,13214.6
1,474,g_a_cpu,cpu,13214.6,13215
1,474,h_a,dpu,13215.1,13232.3
1,474,eb_enc,cpu,13232.3,13232.5
1,474,eb_dec,cpu,13232.5,13232.6
1,474,h_s,dpu,13232.6,13329.9
1,474,gc,cpu,13329.9,13339.6
1,484,normalize,cpu,13340.1,13343.7
1,484,g_a_cpu,cpu,13343.7,13344
1,484,g_a,dpu,13344,13448.1
1,484,g_a,dpu,13448.1,13485.1
1,484,g_a_cpu,cpu,13485.1,13485.5
1,484,h_a,dpu,13485.5,13488.2
1,484,eb_enc,cpu,13488.2,13488.3
1,484,eb_dec,cpu,13488.3,13488.5
1,484,h_s,dpu,13488.5,13595.2
1,484,gc,cpu,13595.2,13605
1,494,normalize,cpu,13605.6,13609.2
1,494,g_a_cpu,cpu,13609.2,13609.5
1,494,g_a,dpu,13609.5,13680
1,494,g_a,dpu,13680,13753.5
1,494,g_a_cpu,cpu,13753.5,13753.9
1,494,h_a,dpu,13753.9,13760.3
1,494,eb_enc,cpu,13760.3,13760.5
1,494,eb_dec,cpu,13760.5,13760.6
1,494,h_s,dpu,13760.6,13854.9
1,494,gc,cpu,13854.9,13865
1,503,normalize,cpu,13865.5,13869.2
1,503,g_a_cpu,cpu,13869.2,13869.5
1,503,g_a,dpu,13869.5,13975.9
1,503,g_a,dpu,13975.9,14014.4
1,503,g_a_cpu,cpu,14014.4,14014.8
1,503,h_a,dpu,14014.8,14017.5
1,503,eb_enc,cpu,14017.5,14017.6
1,503,eb_dec,cpu,14017.6,14017.8
1,503,h_s,dpu,14017.8,14117.3
1,503,gc,cpu,14117.3,14127.3
1,513,normalize,cpu,14127.9,14131.5
1,513,g_a_cpu,cpu,14131.5,14131.8
1,513,g_a,dpu,14131.8,14237.1
1,513,g_a,dpu,14237.1,14276
1,513,g_a_cpu,cpu,14276,14276.5
1,513,h_a,dpu,14276.5,14280.3
1,513,eb_enc,cpu,14280.3,14280.4
1,513,eb_dec,cpu,14280.4,14280.5
1,513,h_s,dpu,14280.5,14379.8
1,513,gc,cpu,14379.8,14389.5
1,523,normalize,cpu,14389.9,14393.6
1,523,g_a_cpu,cpu,14393.6,14394
1,523,g_a,dpu,14394,14501.1
1,523,g_a,dpu,14501.1,14538.5
1,523,g_a_cpu,cpu,14538.5,14538.9
1,523,h_a,dpu,14538.9,14541.5
1,523,eb_enc,cpu,14541.5,14541.6
1,523,eb_dec,cpu,14541.6,14541.7
1,523,h_s,dpu,14541.7,14747.8
1,523,gc,cpu,14747.8,14757.4
1,533,normalize,cpu,14757.9,14761.6
1,533,g_a_cpu,cpu,14761.6,14761.9
1,533,g_a,dpu,14761.9,14798.7
1,533,g_a,dpu,14798.7,14835.5
1,533,g_a_cpu,cpu,14835.5,14836
1,533,h_a,dpu,14836,14852.7
1,533,eb_enc,cpu,14852.7,14852.8
1,533,eb_dec,cpu,14852.8,14852.9
1,533,h_s,dpu,14852.9,14937.1
1,533,gc,cpu,14937.1,14946.9
1,541,normalize,cpu,14947.9,14953.2
1,541,g_a_cpu,cpu,14953.2,14953.5
1,541,g_a,dpu,14953.5,15059.6
1,541,g_a,dpu,15059.6,15096.1
1,541,g_a_cpu,cpu,15096.1,15096.5
1,541,h_a,dpu,15096.5,15123.4
1,541,eb_enc,cpu,15123.4,15123.6
1,541,eb_dec,cpu,15123.6,15123.7
1,541,h_s,dpu,15123.7,15203.3
1,541,gc,cpu,15203.3,15213.6
1,550,normalize,cpu,15214.1,15218.5
1,550,g_a_cpu,cpu,15218.5,15219.1
1,550,g_a,dpu,15219.1,15296.3
1,550,g_a,dpu,15296.3,15369
1,550,g_a_cpu,cpu,15369,15369.4
1,550,h_a,dpu,15369.4,15421.4
1,550,eb_enc,cpu,15421.4,15421.5
1,550,eb_dec,cpu,15421.5,15421.6
1,550,h_s,dpu,15421.6,15498.8
1,550,gc,cpu,15498.8,15509
1,562,normalize,cpu,15509.6,15513.3
1,562,g_a_cpu,cpu,15513.3,15514
1,562,g_a,dpu,15514,15552.4
1,562,g_a,dpu,15552.4,15632.3
1,562,g_a_cpu,cpu,15632.3,15632.8
1,562,h_a,dpu,15632.8,15681.2
1,562,eb_enc,cpu,15681.2,15681.4
1,562,eb_dec,cpu,15681.4,15681.5
1,562,h_s,dpu,15681.5,15763.6
1,562,gc,cpu,15763.6,15773.5
1,570,normalize,cpu,15774,15777.7
1,570,g_a_cpu,cpu,15777.7,15778
1,570,g_a,dpu,15778.1,15814.9
1,570,g_a,dpu,15814.9,15853.1
1,570,g_a_cpu,cpu,15853.1,15853.5
1,570,h_a,dpu,15853.5,15921.4
1,570,eb_enc,cpu,15921.4,15921.6
1,570,eb_dec,cpu,15921.6,15921.7
1,570,h_s,dpu,15921.7,16059.5
1,570,gc,cpu,16059.5,16070.2
1,581,normalize,cpu,16070.7,16074.4
1,581,g_a_cpu,cpu,16074.4,16074.8
1,581,g_a,dpu,16074.8,16113.4
1,581,g_a,dpu,16113.4,16188.3
1,581,g_a_cpu,cpu,16188.3,16188.7
1,581,h_a,dpu,16188.7,16268.8
1,581,eb_enc,cpu,16268.8,16268.9
1,581,eb_dec,cpu,16268.9,16269
1,581,h_s,dpu,16269,16324.5
1,581,gc,cpu,16324.5,16335
1,592,normalize,cpu,16335.6,16339.2
1,592,g_a_cpu,cpu,16339.2,16339.7
1,592,g_a,dpu,16339.7,16376.3
1,592,g_a,dpu,16376.3,16449
1,592,g_a_cpu,cpu,16449,16449.4
1,592,h_a,dpu,16449.4,16541.3
1,592,eb_enc,cpu,16541.3,16541.4
1,592,eb_dec,cpu,16541.4,16541.5
1,592,h_s,dpu,16541.5,16621.5
1,592,gc,cpu,16621.5,16632
1,603,normalize,cpu,16632.6,16636.3
1,603,g_a_cpu,cpu,16636.3,16636.7
1,603,g_a,dpu,16636.7,16709.3
1,603,g_a,dpu,16709.3,16782.7
1,603,g_a_cpu,cpu,16782.7,16783.2
1,603,h_a,dpu,16783.2,16806.5
1,603,eb_enc,cpu,16806.5,16806.6
1,603,eb_dec,cpu,16806.6,16806.7
1,603,h_s,dpu,16806.7,16854.5
1,603,gc,cpu,16854.5,16864.7
1,612,normalize,cpu,16865.2,16869
1,612,g_a_cpu,cpu,16869,16869.5
1,612,g_a,dpu,16869.5,16979.8
1,612,g_a,dpu,16979.8,17056.1
1,612,g_a_cpu,cpu,17056.1,17056.5
1,612,h_a,dpu,17056.5,17071.8
1,612,eb_enc,cpu,17071.8,17072
1,612,eb_dec,cpu,17072,17072.1
1,612,h_s,dpu,17072.1,17150.8
1,612,gc,cpu,17150.8,17160.6
1,623,normalize,cpu,17161.1,17165.6
1,623,g_a_cpu,cpu,17165.6,17166
1,623,g_a,dpu,17166,17237.4
1,623,g_a,dpu,17237.4,17311.2
1,623,g_a_cpu,cpu,17311.2,17311.6
1,623,h_a,dpu,17311.6,17317.7
1,623,eb_enc,cpu,17317.7,17317.8
1,623,eb_dec,cpu,17317.8,17317.9
1,623,h_s,dpu,17317.9,17409.2
1,623,gc,cpu,17409.2,17419.3
1,632,normalize,cpu,17419.9,17423.6
1,632,g_a_cpu,cpu,17423.6,17423.8
1,632,g_a,dpu,17423.8,17464.3
1,632,g_a,dpu,17464.4,17540.9
1,632,g_a_cpu,cpu,17540.9,17541.7
1,632,h_a,dpu,17541.7,17604.4
1,632,eb_enc,cpu,17604.4,17604.6
1,632,eb_dec,cpu,17604.6,17604.7
1,632,h_s,dpu,17604.7,17744.8
1,632,gc,cpu,17744.8,17754.8
1,644,normalize,cpu,17755.3,17759
1,644,g_a_cpu,cpu,17759,17759.2
1,644,g_a,dpu,17759.2,17796.4
1,644,g_a,dpu,17796.4,17872.3
1,644,g_a_cpu,cpu,17872.3,17872.8
1,644,h_a,dpu,17872.8,17886.3
1,644,eb_enc,cpu,17886.3,17886.5
1,644,eb_dec,cpu,17886.5,17886.6
1,644,h_s,dpu,17886.6,18002.5
1,644,gc,cpu,18002.5,18012.2
1,651,normalize,cpu,18012.7,18016.4
1,651,g_a_cpu,cpu,18016.4,18016.7
1,651,g_a,dpu,18016.7,18053.3
1,651,g_a,dpu,18053.3,18091.3
1,651,g_a_cpu,cpu,18091.3,18091.7
1,651,h_a,dpu,18091.7,18153.9
1,651,eb_enc,cpu,18153.9,18154.1
1,651,eb_dec,cpu,18154.1,18154.2
1,651,h_s,dpu,18154.2,18271
1,651,gc,cpu,18271,18281.1
1,662,normalize,cpu,18281.6,18285.3
1,662,g_a_cpu,cpu,18285.3,18285.6
1,662,g_a,dpu,18285.7,18322.3
1,662,g_a,dpu,18322.3,18359.5
1,662,g_a_cpu,cpu,18359.5,18360
1,662,h_a,dpu,18360,18390.7
1,662,eb_enc,cpu,18390.7,18390.8
1,662,eb_dec,cpu,18390.9,18391
1,662,h_s,dpu,18391,18457.3
1,662,gc,cpu,18457.3,18467.2
1,670,normalize,cpu,18467.7,18471.4
1,670,g_a_cpu,cpu,18471.4,18471.8
1,670,g_a,dpu,18471.8,18512.4
1,670,g_a,dpu,18512.4,18584.4
1,670,g_a_cpu,cpu,18584.4,18584.8
1,670,h_a,dpu,18584.8,18591
1,670,eb_enc,cpu,18591,18591.1
1,670,eb_dec,cpu,18591.1,18591.2
1,670,h_s,dpu,18591.2,18681.4
1,670,gc,cpu,18681.4,18691.5
1,678,normalize,cpu,18692,18695.7
1,678,g_a_cpu,cpu,18695.7,18696.1
1,678,g_a,dpu,18696.1,18738.2
1,678,g_a,dpu,18738.2,18810.2
1,678,g_a_cpu,cpu,18810.2,18810.7
1,678,h_a,dpu,18810.7,18838.7
1,678,eb_enc,cpu,18838.7,18838.8
1,678,eb_dec,cpu,18838.8,18838.9
1,678,h_s,dpu,18838.9,18909.4
1,678,gc,cpu,18909.4,18919.8
1,689,normalize,cpu,18920.5,18924.2
1,689,g_a_cpu,cpu,18924.2,18924.6
1,689,g_a,dpu,18924.6,18996.6
1,689,g_a,dpu,18996.6,19069.7
1,689,g_a_cpu,cpu,19069.7,19070.2
1,689,h_a,dpu,19070.2,19077.5
1,689,eb_enc,cpu,19077.5,19077.7
1,689,eb_dec,cpu,19077.7,19077.8
1,689,h_s,dpu,19077.8,19178.8
1,689,gc,cpu,19178.8,19189.9
1,698,normalize,cpu,19190.6,19195.2
1,698,g_a_cpu,cpu,19195.2,19195.6
1,698,g_a,dpu,19195.6,19266.3
1,698,g_a,dpu,19266.3,19303.9
1,698,g_a_cpu,cpu,19303.9,19304.3
1,698,h_a,dpu,19304.3,19396.5
1,698,eb_enc,cpu,19396.5,19396.6
1,698,eb_dec,cpu,19396.6,19396.7
1,698,h_s,dpu,19396.7,19440.2
1,698,gc,cpu,19440.2,19450
1,708,normalize,cpu,19450.5,19455
1,708,g_a_cpu,cpu,19455,19455.5
1,708,g_a,dpu,19455.5,19561.2
1,708,g_a,dpu,19561.2,19633
1,708,g_a_cpu,cpu,19633,19633.5
1,708,h_a,dpu,19633.5,19644.4
1,708,eb_enc,cpu,19644.4,19644.5
1,708,eb_dec,cpu,19644.5,19644.6
1,708,h_s,dpu,19644.6,19714.6
1,708,gc,cpu,19714.6,19724.6
1,719,normalize,cpu,19725.1,19728.9
1,719,g_a_cpu,cpu,19729,19729.3
1,719,g_a,dpu,19729.3,19895.6
1,719,g_a,dpu,19895.6,19933.1
1,719,g_a_cpu,cpu,19933.1,19933.5
1,719,h_a,dpu,19933.5,19950.4
1,719,eb_enc,cpu,19950.4,19950.5
1,719,eb_dec,cpu,19950.5,19950.6
1,719,h_s,dpu,19950.6,20013.3
1,719,gc,cpu,20013.3,20023.3
1,729,normalize,cpu,20024.1,20027.9
1,729,g_a_cpu,cpu,20027.9,20028.1
1,729,g_a,dpu,20028.1,20132.1
1,729,g_a,dpu,20132.1,20241
1,729,g_a_cpu,cpu,20241,20241.4
1,729,h_a,dpu,20241.4,20262.3
1,729,eb_enc,cpu,20262.3,20262.5
1,729,eb_dec,cpu,20262.5,20262.6
1,729,h_s,dpu,20262.6,20311.5
1,729,gc,cpu,20311.5,20321.4
1,739,normalize,cpu,20321.9,20325.6
1,739,g_a_cpu,cpu,20325.6,20325.9
1,739,g_a,dpu,20325.9,20433.9
1,739,g_a,dpu,20433.9,20505.8
1,739,g_a_cpu,cpu,20505.8,20506.3
1,739,h_a,dpu,20506.3,20510
1,739,eb_enc,cpu,20510,20510.2
1,739,eb_dec,cpu,20510.2,20510.3
1,739,h_s,dpu,20510.3,20577.4
1,739,gc,cpu,20577.4,20587.8
1,749,normalize,cpu,20588.3,20591.9
1,749,g_a_cpu,cpu,20591.9,20592.2
1,749,g_a,dpu,20592.2,20690.3
1,749,g_a,dpu,20690.3,20798.1
1,749,g_a_cpu,cpu,20798.2,20798.6
1,749,h_a,dpu,20798.6,20801.4
1,749,eb_enc,cpu,20801.4,20801.6
1,749,eb_dec,cpu,20801.6,20801.8
1,749,h_s,dpu,20801.8,20806
1,749,gc,cpu,20806,20839
1,758,normalize,cpu,20839.7,20843.3
1,758,g_a_cpu,cpu,20843.3,20843.8
1,758,g_a,dpu,20843.8,20936.4
1,758,g_a,dpu,20936.4,21045.7
1,758,g_a_cpu,cpu,21045.7,21046.2
1,758,h_a,dpu,21046.2,21049.8
1,758,eb_enc,cpu,21049.8,21050
1,758,eb_dec,cpu,21050,21050.1
1,758,h_s,dpu,21050.1,21089.6
1,758,gc,cpu,21089.6,21099.6
1,767,normalize,cpu,21100.3,21104
1,767,g_a_cpu,cpu,21104,21104.3
1,767,g_a,dpu,21104.3,21167.7
1,767,g_a,dpu,21167.7,21275.5
1,767,g_a_cpu,cpu,21275.5,21276
1,767,h_a,dpu,21276,21315.4
1,767,eb_enc,cpu,21315.4,21315.5
1,767,eb_dec,cpu,21315.5,21315.6
1,767,h_s,dpu,21315.6,21389.3
1,767,gc,cpu,21389.3,21409.4
1,779,normalize,cpu,21410,21413.7
1,779,g_a_cpu,cpu,21413.7,21413.9
1,779,g_a,dpu,21414,21515.4
1,779,g_a,dpu,21515.4,21623.4
1,779,g_a_cpu,cpu,21623.4,21623.9
1,779,h_a,dpu,21623.9,21626.6
1,779,eb_enc,cpu,21626.6,21626.7
1,779,eb_dec,cpu,21626.7,21626.8
1,779,h_s,dpu,21626.8,21709.3
1,779,gc,cpu,21709.3,21719.7
1,788,normalize,cpu,21720.3,21723.9
1,788,g_a_cpu,cpu,21723.9,21724.1
1,788,g_a,dpu,21724.1,21824.8
1,788,g_a,dpu,21824.8,21896.6
1,788,g_a_cpu,cpu,21896.6,21897
1,788,h_a,dpu,21897,21906.2
1,788,eb_enc,cpu,21906.2,21906.4
1,788,eb_dec,cpu,21906.4,21906.5
1,788,h_s,dpu,21906.5,22001.5
1,788,gc,cpu,22001.5,22011.4
1,795,normalize,cpu,22011.9,22015.7
1,795,g_a_cpu,cpu,22015.7,22016.1
1,795,g_a,dpu,22016.1,22086.7
1,795,g_a,dpu,22086.7,22194.5
1,795,g_a_cpu,cpu,22194.5,22194.9
1,795,h_a,dpu,22194.9,22203.4
1,795,eb_enc,cpu,22203.4,22203.5
1,795,eb_dec,cpu,22203.5,22203.6
1,795,h_s,dpu,22203.6,22304.6
1,795,gc,cpu,22304.7,22315.1
1,805,normalize,cpu,22315.7,22319.4
1,805,g_a_cpu,cpu,22319.4,22319.8
1,805,g_a,dpu,22319.8,22356.5
1,805,g_a,dpu,22356.5,22464.3
1,805,g_a_cpu,cpu,22464.3,22464.8
1,805,h_a,dpu,22464.8,22476.1
1,805,eb_enc,cpu,22476.1,22476.3
1,805,eb_dec,cpu,22476.3,22476.4
1,805,h_s,dpu,22476.4,22562.4
1,805,gc,cpu,22562.4,22572.9
1,814,normalize,cpu,22573.3,22577
1,814,g_a_cpu,cpu,22577,22577.3
1,814,g_a,dpu,22577.3,22613.9
1,814,g_a,dpu,22613.9,22651.3
1,814,g_a_cpu,cpu,22651.3,22651.7
1,814,h_a,dpu,22651.8,22707.3
1,814,eb_enc,cpu,22707.3,22707.4
1,814,eb_dec,cpu,22707.4,22707.5
1,814,h_s,dpu,22707.5,22826.5
1,814,gc,cpu,22826.5,22836.5
1,823,normalize,cpu,22837,22840.7
1,823,g_a_cpu,cpu,22840.7,22841
1,823,g_a,dpu,22841,22877.7
1,823,g_a,dpu,22877.7,22915.3
1,823,g_a_cpu,cpu,22915.3,22915.8
1,823,h_a,dpu,22915.8,22991.9
1,823,eb_enc,cpu,22991.9,22992.1
1,823,eb_dec,cpu,22992.1,22992.3
1,823,h_s,dpu,22992.3,23087.7
1,823,gc,cpu,23087.7,23098.3
1,835,normalize,cpu,23098.7,23102.3
1,835,g_a_cpu,cpu,23102.4,23102.8
1,835,g_a,dpu,23102.8,23139.2
1,835,g_a,dpu,23139.2,23175.7
1,835,g_a_cpu,cpu,23175.7,23176.2
1,835,h_a,dpu,23176.2,23250.9
1,835,eb_enc,cpu,23250.9,23251.1
1,835,eb_dec,cpu,23251.1,23251.2
1,835,h_s,dpu,23251.2,23347.2
1,835,gc,cpu,23347.3,23357.6
1,843,normalize,cpu,23358.1,23361.8
1,843,g_a_cpu,cpu,23361.8,23362.1
1,843,g_a,dpu,23362.1,23398.6
1,843,g_a,dpu,23398.6,23435.1
1,843,g_a_cpu,cpu,23435.2,23435.7
1,843,h_a,dpu,23435.7,23489.6
1,843,eb_enc,cpu,23489.6,23489.8
1,843,eb_dec,cpu,23489.8,23489.9
1,843,h_s,dpu,23489.9,23572
1,843,gc,cpu,23572,23582.1
1,851,normalize,cpu,23582.6,23586.3
1,851,g_a_cpu,cpu,23586.3,23586.5
1,851,g_a,dpu,23586.5,23626.7
1,851,g_a,dpu,23626.7,23663.7
1,851,g_a_cpu,cpu,23663.7,23664.1
1,851,h_a,dpu,23664.1,23686.6
1,851,eb_enc,cpu,23686.6,23686.7
1,851,eb_dec,cpu,23686.7,23686.9
1,851,h_s,dpu,23686.9,23756.8
1,851,gc,cpu,23756.8,23766.5
1,859,normalize,cpu,23766.9,23770.6
1,859,g_a_cpu,cpu,23770.6,23770.8
1,859,g_a,dpu,23770.8,23847.6
1,859,g_a,dpu,23847.6,23885.4
1,859,g_a_cpu,cpu,23885.4,23885.7
1,859,h_a,dpu,23885.7,23940.2
1,859,eb_enc,cpu,23940.2,23940.4
1,859,eb_dec,cpu,23940.4,23940.5
1,859,h_s,dpu,23940.5,24015.3
1,859,gc,cpu,24015.3,24025.3
1,868,normalize,cpu,24025.7,24030
1,868,g_a_cpu,cpu,24030,24030.3
1,868,g_a,dpu,24030.3,24104.3
1,868,g_a,dpu,24104.3,24141.5
1,868,g_a_cpu,cpu,24141.5,24142.1
1,868,h_a,dpu,24142.1,24160.6
1,868,eb_enc,cpu,24160.6,24160.7
1,868,eb_dec,cpu,24160.7,24160.8
1,868,h_s,dpu,24160.8,24239.5
1,868,gc,cpu,24239.5,24249.2
1,877,normalize,cpu,24249.7,24253.5
1,877,g_a_cpu,cpu,24253.5,24254
1,877,g_a,dpu,24254,24290.5
1,877,g_a,dpu,24290.5,24366.3
1,877,g_a_cpu,cpu,24366.3,24366.8
1,877,h_a,dpu,24366.8,24396.1
1,877,eb_enc,cpu,24396.1,24396.2
1,877,eb_dec,cpu,24396.2,24396.4
1,877,h_s,dpu,24396.4,24461.6
1,877,gc,cpu,24461.6,24471.2
1,886,normalize,cpu,24471.7,24475.5
1,886,g_a_cpu,cpu,24475.5,24476
1,886,g_a,dpu,24476,24552.3
1,886,g_a,dpu,24552.3,24625.4
1,886,g_a_cpu,cpu,24625.4,24625.9
1,886,h_a,dpu,24625.9,24629.7
1,886,eb_enc,cpu,24629.7,24629.8
1,886,eb_dec,cpu,24629.8,24630
1,886,h_s,dpu,24630,24686.8
1,886,gc,cpu,24686.8,24696.8
1,896,normalize,cpu,24697.3,24701.7
1,896,g_a_cpu,cpu,24701.7,24702.1
1,896,g_a,dpu,24702.1,24809.8
1,896,g_a,dpu,24809.8,24883.2
1,896,g_a_cpu,cpu,24883.2,24883.6
1,896,h_a,dpu,24883.6,24896.9
1,896,eb_enc,cpu,24896.9,24897
1,896,eb_dec,cpu,24897,24897.1
1,896,h_s,dpu,24897.1,24981.3
1,896,gc,cpu,24981.3,24991.7
1,906,normalize,cpu,24992.4,24996.1
1,906,g_a_cpu,cpu,24996.1,24996.4
1,906,g_a,dpu,24996.5,25067.6
1,906,g_a,dpu,25067.6,25139.4
1,906,g_a_cpu,cpu,25139.4,25139.8
1,906,h_a,dpu,25139.8,25167.9
1,906,eb_enc,cpu,25167.9,25168.1
1,906,eb_dec,cpu,25168.1,25168.2
1,906,h_s,dpu,25168.2,25240.5
1,906,gc,cpu,25240.5,25251.2
1,915,normalize,cpu,25251.7,25255.4
1,915,g_a_cpu,cpu,25255.4,25255.9
1,915,g_a,dpu,25255.9,25327
1,915,g_a,dpu,25327,25400.4
1,915,g_a_cpu,cpu,25400.4,25400.9
1,915,h_a,dpu,25400.9,25420.5
1,915,eb_enc,cpu,25420.5,25420.6
1,915,eb_dec,cpu,25420.6,25420.7
1,915,h_s,dpu,25420.7,25466.4
1,915,gc,cpu,25466.4,25476.5
1,923,normalize,cpu,25476.9,25480.8
1,923,g_a_cpu,cpu,25480.8,25481.2
1,923,g_a,dpu,25481.2,25553.8
1,923,g_a,dpu,25553.8,25626.9
1,923,g_a_cpu,cpu,25626.9,25627.3
1,923,h_a,dpu,25627.4,25657.4
1,923,eb_enc,cpu,25657.4,25657.5
1,923,eb_dec,cpu,25657.5,25657.6
1,923,h_s,dpu,25657.6,25724.2
1,923,gc,cpu,25724.2,25734.6
2,5,normalize,cpu,76.8052,80.5101
2,5,g_a_cpu,cpu,80.6517,80.9828
2,5,g_a,dpu,80.9897,152.569
2,5,g_a,dpu,152.576,263.198
2,5,g_a_cpu,cpu,263.2,263.763
2,5,h_a,dpu,263.77,335.718
2,5,eb_enc,cpu,335.719,335.92
2,5,eb_dec,cpu,335.92,336.058
2,5,h_s,dpu,336.059,338.012
2,5,gc,cpu,338.015,349.912
2,13,normalize,cpu,350.446,354.147
2,13,g_a_cpu,cpu,354.15,354.652
2,13,g_a,dpu,354.656,427.735
2,13,g_a,dpu,427.736,541.294
2,13,g_a_cpu,cpu,541.296,541.717
2,13,h_a,dpu,541.718,631.74
2,13,eb_enc,cpu,631.741,631.945
2,13,eb_dec,cpu,631.949,632.096
2,13,h_s,dpu,632.096,633.905
2,13,gc,cpu,633.905,643.576
2,23,normalize,cpu,644.071,647.724
2,23,g_a_cpu,cpu,647.727,648.027
2,23,g_a,dpu,648.03,697.652
2,23,g_a,dpu,697.653,809.171
2,23,g_a_cpu,cpu,809.172,809.607
2,23,h_a,dpu,809.609,934.454
2,23,eb_enc,cpu,934.455,934.607
2,23,eb_dec,cpu,934.608,934.733
2,23,h_s,dpu,934.734,936.361
2,23,gc,cpu,936.362,946.828
2,33,normalize,cpu,947.4,951.089
2,33,g_a_cpu,cpu,951.094,951.435
2,33,g_a,dpu,951.439,996.436
2,33,g_a,dpu,996.448,1069.07
2,33,g_a_cpu,cpu,1069.07,1069.52
2,33,h_a,dpu,1069.52,1156.9
2,33,eb_enc,cpu,1156.9,1157.15
2,33,eb_dec,cpu,1157.15,1157.3
2,33,h_s,dpu,1157.3,1175.89
2,33,gc,cpu,1175.89,1185.93
2,44,normalize,cpu,1186.41,1190.12
2,44,g_a_cpu,cpu,1190.12,1190.42
2,44,g_a,dpu,1190.43,1244.29
2,44,g_a,dpu,1244.29,1317.14
2,44,g_a_cpu,cpu,1317.14,1317.57
2,44,h_a,dpu,1317.58,1393.57
2,44,eb_enc,cpu,1393.57,1393.69
2,44,eb_dec,cpu,1393.69,1393.81
2,44,h_s,dpu,1393.81,1403.35
2,44,gc,cpu,1403.35,1413.62
2,51,normalize,cpu,1414.27,1417.91
2,51,g_a_cpu,cpu,1417.92,1418.19
2,51,g_a,dpu,1418.19,1480.85
2,51,g_a,dpu,1480.85,1554.29
2,51,g_a_cpu,cpu,1554.29,1554.73
2,51,h_a,dpu,1554.74,1655.92
2,51,eb_enc,cpu,1655.92,1656.05
2,51,eb_dec,cpu,1656.06,1656.21
2,51,h_s,dpu,1656.21,1657.62
2,51,gc,cpu,1657.62,1667.73
2,61,normalize,cpu,1668.16,1671.89
2,61,g_a_cpu,cpu,1671.9,1672.22
2,61,g_a,dpu,1672.22,1716.96
2,61,g_a,dpu,1716.96,1753.79
2,61,g_a_cpu,cpu,1753.79,1754.13
2,61,h_a,dpu,1754.14,1882.86
2,61,eb_enc,cpu,1882.86,1883.04
2,61,eb_dec,cpu,1883.04,1883.18
2,61,h_s,dpu,1883.18,1895
2,61,gc,cpu,1895,1904.86
2,69,normalize,cpu,1905.29,1908.95
2,69,g_a_cpu,cpu,1908.96,1909.25
2,69,g_a,dpu,1909.25,1964.96
2,69,g_a,dpu,1964.97,2041.16
2,69,g_a_cpu,cpu,2041.16,2041.56
2,69,h_a,dpu,2041.57,2145.41
2,69,eb_enc,cpu,2145.41,2145.54
2,69,eb_dec,cpu,2145.54,2145.65
2,69,h_s,dpu,2145.65,2158.78
2,69,gc,cpu,2158.79,2168.69
2,78,normalize,cpu,2169.28,2173.02
2,78,g_a_cpu,cpu,2173.02,2173.46
2,78,g_a,dpu,2173.46,2210.31
2,78,g_a,dpu,2210.32,2247.59
2,78,g_a_cpu,cpu,2247.6,2248.11
2,78,h_a,dpu,2248.12,2338.12
2,78,eb_enc,cpu,2338.12,2338.29
2,78,eb_dec,cpu,2338.29,2338.42
2,78,h_s,dpu,2338.42,2421.85
2,78,gc,cpu,2421.85,2431.65
2,87,normalize,cpu,2432.26,2435.94
2,87,g_a_cpu,cpu,2435.95,2436.31
2,87,g_a,dpu,2436.32,2473.42
2,87,g_a,dpu,2473.42,2510.57
2,87,g_a_cpu,cpu,2510.58,2510.97
2,87,h_a,dpu,2510.97,2522.98
2,87,eb_enc,cpu,2522.98,2523.15
2,87,eb_dec,cpu,2523.15,2523.26
2,87,h_s,dpu,2523.27,2573.53
2,87,gc,cpu,2573.53,2583.44
2,97,normalize,cpu,2583.96,2587.61
2,97,g_a_cpu,cpu,2587.62,2587.99
2,97,g_a,dpu,2587.99,2661.77
2,97,g_a,dpu,2661.77,2737.66
2,97,g_a_cpu,cpu,2737.66,2738.01
2,97,h_a,dpu,2738.01,2815.86
2,97,eb_enc,cpu,2815.86,2816
2,97,eb_dec,cpu,2816,2816.11
2,97,h_s,dpu,2816.11,2832.07
2,97,gc,cpu,2832.07,2842.01
2,107,normalize,cpu,2842.51,2846.16
2,107,g_a_cpu,cpu,2846.16,2846.49
2,107,g_a,dpu,2846.49,2906.06
2,107,g_a,dpu,2906.06,2981.17
2,107,g_a_cpu,cpu,2981.17,2981.54
2,107,h_a,dpu,2981.55,3078.03
2,107,eb_enc,cpu,3078.04,3078.21
2,107,eb_dec,cpu,3078.21,3078.35
2,107,h_s,dpu,3078.35,3079.61
2,107,gc,cpu,3079.61,3089.47
2,114,normalize,cpu,3089.91,3093.68
2,114,g_a_cpu,cpu,3093.7,3094.32
2,114,g_a,dpu,3094.32,3181.53
2,114,g_a,dpu,3181.54,3254.26
2,114,g_a_cpu,cpu,3254.26,3254.64
2,114,h_a,dpu,3254.64,3349.28
2,114,eb_enc,cpu,3349.28,3349.41
2,114,eb_dec,cpu,3349.41,3349.53
2,114,h_s,dpu,3349.53,3350.89
2,114,gc,cpu,3350.9,3361.04
2,123,normalize,cpu,3361.58,3365.28
2,123,g_a_cpu,cpu,3365.28,3365.79
2,123,g_a,dpu,3365.79,3474
2,123,g_a,dpu,3474,3551.02
2,123,g_a_cpu,cpu,3551.03,3551.46
2,123,h_a,dpu,3551.46,3648.33
2,123,eb_enc,cpu,3648.33,3648.47
2,123,eb_dec,cpu,3648.47,3648.59
2,123,h_s,dpu,3648.59,3663.56
2,123,gc,cpu,3663.56,3673.6
2,135,normalize,cpu,3674.1,3677.75
2,135,g_a_cpu,cpu,3677.76,3678.02
2,135,g_a,dpu,3678.02,3743.01
2,135,g_a,dpu,3743.01,3779.93
2,135,g_a_cpu,cpu,3779.93,3780.3
2,135,h_a,dpu,3780.3,3909.57
2,135,eb_enc,cpu,3909.57,3909.7
2,135,eb_dec,cpu,3909.7,3909.82
2,135,h_s,dpu,3909.82,3921.41
2,135,gc,cpu,3921.41,3931.49
2,144,normalize,cpu,3931.96,3935.62
2,144,g_a_cpu,cpu,3935.62,3935.95
2,144,g_a,dpu,3935.95,3984.21
2,144,g_a,dpu,3984.22,4021.07
2,144,g_a_cpu,cpu,4021.07,4021.51
2,144,h_a,dpu,4021.51,4132.43
2,144,eb_enc,cpu,4132.44,4132.6
2,144,eb_dec,cpu,4132.6,4132.72
2,144,h_s,dpu,4132.72,4152.17
2,144,gc,cpu,4152.17,4161.97
2,150,normalize,cpu,4162.46,4166.19
2,150,g_a_cpu,cpu,4166.19,4166.48
2,150,g_a,dpu,4166.48,4237.64
2,150,g_a,dpu,4237.64,4288.71
2,150,g_a_cpu,cpu,4288.71,4289.14
2,150,h_a,dpu,4289.15,4432.3
2,150,eb_enc,cpu,4432.31,4432.51
2,150,eb_dec,cpu,4432.51,4432.68
2,150,h_s,dpu,4432.68,4433.71
2,150,gc,cpu,4433.71,4443.41
2,160,normalize,cpu,4443.93,4447.65
2,160,g_a_cpu,cpu,4447.65,4447.98
2,160,g_a,dpu,4447.98,4485.09
2,160,g_a,dpu,4485.09,4522.65
2,160,g_a_cpu,cpu,4522.65,4523.17
2,160,h_a,dpu,4523.17,4619.41
2,160,eb_enc,cpu,4619.42,4619.54
2,160,eb_dec,cpu,4619.54,4619.65
2,160,h_s,dpu,4619.65,4672.62
2,160,gc,cpu,4672.62,4682.94
2,170,normalize,cpu,4683.56,4687.19
2,170,g_a_cpu,cpu,4687.19,4687.67
2,170,g_a,dpu,4687.68,4760.36
2,170,g_a,dpu,4760.36,4837.94
2,170,g_a_cpu,cpu,4837.95,4838.28
2,170,h_a,dpu,4838.28,4915.59
2,170,eb_enc,cpu,4915.6,4915.72
2,170,eb_dec,cpu,4915.72,4915.83
2,170,h_s,dpu,4915.83,4917.02
2,170,gc,cpu,4917.02,4928.39
2,179,normalize,cpu,4928.87,4932.63
2,179,g_a_cpu,cpu,4932.63,4933.35
2,179,g_a,dpu,4933.35,4971.31
2,179,g_a,dpu,4971.31,5008.04
2,179,g_a_cpu,cpu,5008.04,5008.44
2,179,h_a,dpu,5008.44,5152.22
2,179,eb_enc,cpu,5152.22,5152.37
2,179,eb_dec,cpu,5152.37,5152.49
2,179,h_s,dpu,5152.49,5161.33
2,179,gc,cpu,5161.33,5171.32
2,184,normalize,cpu,5171.96,5175.66
2,184,g_a_cpu,cpu,5175.67,5176.15
2,184,g_a,dpu,5176.16,5213.63
2,184,g_a,dpu,5213.63,5251.12
2,184,g_a_cpu,cpu,5251.12,5251.55
2,184,h_a,dpu,5251.55,5384.81
2,184,eb_enc,cpu,5384.81,5384.93
2,184,eb_dec,cpu,5384.93,5385.05
2,184,h_s,dpu,5385.05,5425.98
2,184,gc,cpu,5425.98,5435.86
2,194,normalize,cpu,5436.49,5440.11
2,194,g_a_cpu,cpu,5440.12,5440.58
2,194,g_a,dpu,5440.59,5477.74
2,194,g_a,dpu,5477.75,5515.38
2,194,g_a_cpu,cpu,5515.39,5515.89
2,194,h_a,dpu,5515.89,5606.53
2,194,eb_enc,cpu,5606.53,5606.67
2,194,eb_dec,cpu,5606.67,5606.79
2,194,h_s,dpu,5606.79,5697.24
2,194,gc,cpu,5697.24,5706.99
2,204,normalize,cpu,5707.55,5711.32
2,204,g_a_cpu,cpu,5711.33,5711.61
2,204,g_a,dpu,5711.61,5748.4
2,204,g_a,dpu,5748.4,5786.44
2,204,g_a_cpu,cpu,5786.44,5786.8
2,204,h_a,dpu,5786.8,5869.03
2,204,eb_enc,cpu,5869.03,5869.19
2,204,eb_dec,cpu,5869.19,5869.31
2,204,h_s,dpu,5869.31,5950.84
2,204,gc,cpu,5950.84,5960.56
2,214,normalize,cpu,5961.05,5964.72
2,214,g_a_cpu,cpu,5964.72,5965.02
2,214,g_a,dpu,5965.02,6001.94
2,214,g_a,dpu,6001.94,6040.54
2,214,g_a_cpu,cpu,6040.54,6040.91
2,214,h_a,dpu,6040.92,6093.79
2,214,eb_enc,cpu,6093.79,6093.94
2,214,eb_dec,cpu,6093.94,6094.07
2,214,h_s,dpu,6094.07,6108.57
2,214,gc,cpu,6108.58,6118.57
2,223,normalize,cpu,6119.15,6122.81
2,223,g_a_cpu,cpu,6122.81,6123.09
2,223,g_a,dpu,6123.1,6233.03
2,223,g_a,dpu,6233.03,6271.44
2,223,g_a_cpu,cpu,6271.44,6271.83
2,223,h_a,dpu,6271.83,6318.59
2,223,eb_enc,cpu,6318.59,6318.74
2,223,eb_dec,cpu,6318.74,6318.86
2,223,h_s,dpu,6318.86,6320.77
2,223,gc,cpu,6320.77,6330.78
2,230,normalize,cpu,6331.35,6337.39
2,230,g_a_cpu,cpu,6337.39,6337.82
2,230,g_a,dpu,6337.82,6492.32
2,230,g_a,dpu,6492.32,6533.27
2,230,g_a_cpu,cpu,6533.27,6533.58
2,230,h_a,dpu,6533.58,6616.06
2,230,eb_enc,cpu,6616.06,6616.23
2,230,eb_dec,cpu,6616.25,6616.37
2,230,h_s,dpu,6616.37,6668.72
2,230,gc,cpu,6668.72,6678.37
2,242,normalize,cpu,6689.21,6692.86
2,242,g_a_cpu,cpu,6692.86,6693.19
2,242,g_a,dpu,6693.19,6757.15
2,242,g_a,dpu,6757.15,6797.79
2,242,g_a_cpu,cpu,6797.79,6798.13
2,242,h_a,dpu,6798.13,6877.35
2,242,eb_enc,cpu,6877.35,6877.51
2,242,eb_dec,cpu,6877.51,6877.63
2,242,h_s,dpu,6877.63,6878.73
2,242,gc,cpu,6878.73,6888.52
2,250,normalize,cpu,6889.06,6892.7
2,250,g_a_cpu,cpu,6892.71,6892.97
2,250,g_a,dpu,6892.97,6989.18
2,250,g_a,dpu,6989.18,7025.98
2,250,g_a_cpu,cpu,7025.98,7026.31
2,250,h_a,dpu,7026.31,7097.52
2,250,eb_enc,cpu,7097.52,7097.65
2,250,eb_dec,cpu,7097.65,7097.78
2,250,h_s,dpu,7097.78,7115.56
2,250,gc,cpu,7115.56,7125.79
2,258,normalize,cpu,7126.31,7129.94
2,258,g_a_cpu,cpu,7129.95,7130.29
2,258,g_a,dpu,7130.29,7240.67
2,258,g_a,dpu,7240.67,7277.47
2,258,g_a_cpu,cpu,7277.47,7277.97
2,258,h_a,dpu,7277.98,7355.2
2,258,eb_enc,cpu,7355.2,7355.36
2,258,eb_dec,cpu,7355.36,7355.49
2,258,h_s,dpu,7355.49,7357.8
2,258,gc,cpu,7357.8,7368.18
2,266,normalize,cpu,7369.25,7373.02
2,266,g_a_cpu,cpu,7373.03,7373.4
2,266,g_a,dpu,7373.4,7410.92
2,266,g_a,dpu,7410.92,7521.01
2,266,g_a_cpu,cpu,7521.01,7521.42
2,266,h_a,dpu,7521.43,7667.18
2,266,eb_enc,cpu,7667.18,7667.34
2,266,eb_dec,cpu,7667.34,7667.46
2,266,h_s,dpu,7667.46,7672.66
2,266,gc,cpu,7672.66,7682.59
2,276,normalize,cpu,7683.2,7692.31
2,276,g_a_cpu,cpu,7692.31,7692.71
2,276,g_a,dpu,7692.71,7836.53
2,276,g_a,dpu,7836.53,7911.59
2,276,g_a_cpu,cpu,7911.6,7911.93
2,276,h_a,dpu,7911.93,7983.73
2,276,eb_enc,cpu,7983.74,7983.86
2,276,eb_dec,cpu,7983.86,7983.97
2,276,h_s,dpu,7983.97,8001.02
2,276,gc,cpu,8001.02,8011.19
2,290,normalize,cpu,8011.89,8015.53
2,290,g_a_cpu,cpu,8015.54,8016.01
2,290,g_a,dpu,8016.02,8078.03
2,290,g_a,dpu,8078.03,8152.92
2,290,g_a_cpu,cpu,8152.93,8153.36
2,290,h_a,dpu,8153.36,8250.18
2,290,eb_enc,cpu,8250.18,8250.31
2,290,eb_dec,cpu,8250.31,8250.42
2,290,h_s,dpu,8250.43,8293.88
2,290,gc,cpu,8293.88,8304.05
2,299,normalize,cpu,8304.7,8308.4
2,299,g_a_cpu,cpu,8308.4,8308.64
2,299,g_a,dpu,8308.64,8352.65
2,299,g_a,dpu,8352.66,8389.46
2,299,g_a_cpu,cpu,8389.46,8389.93
2,299,h_a,dpu,8389.94,8477.2
2,299,eb_enc,cpu,8477.21,8477.34
2,299,eb_dec,cpu,8477.34,8477.45
2,299,h_s,dpu,8477.45,8485.21
2,299,gc,cpu,8485.21,8494.89
2,306,normalize,cpu,8495.41,8499.07
2,306,g_a_cpu,cpu,8499.07,8499.43
2,306,g_a,dpu,8499.44,8574.55
2,306,g_a,dpu,8574.55,8651.96
2,306,g_a_cpu,cpu,8651.96,8652.45
2,306,h_a,dpu,8652.45,8738.34
2,306,eb_enc,cpu,8738.34,8738.47
2,306,eb_dec,cpu,8738.47,8738.6
2,306,h_s,dpu,8738.6,8753.64
2,306,gc,cpu,8753.64,8763.48
2,317,normalize,cpu,8764.03,8767.7
2,317,g_a_cpu,cpu,8767.7,8768.02
2,317,g_a,dpu,8768.02,8807.43
2,317,g_a,dpu,8807.44,8888.6
2,317,g_a_cpu,cpu,8888.6,8889.01
2,317,h_a,dpu,8889.01,8965.26
2,317,eb_enc,cpu,8965.26,8965.4
2,317,eb_dec,cpu,8965.4,8965.52
2,317,h_s,dpu,8965.53,8980.47
2,317,gc,cpu,8980.47,8990.19
2,325,normalize,cpu,8990.68,8994.33
2,325,g_a_cpu,cpu,8994.33,8994.66
2,325,g_a,dpu,8994.67,9045.76
2,325,g_a,dpu,9045.76,9119.58
2,325,g_a_cpu,cpu,9119.58,9119.93
2,325,h_a,dpu,9119.93,9260.93
2,325,eb_enc,cpu,9260.93,9261.06
2,325,eb_dec,cpu,9261.06,9261.18
2,325,h_s,dpu,9261.18,9263.33
2,325,gc,cpu,9263.33,9273.52
2,335,normalize,cpu,9273.97,9277.65
2,335,g_a_cpu,cpu,9277.66,9277.99
2,335,g_a,dpu,9277.99,9314.9
2,335,g_a,dpu,9314.9,9351.95
2,335,g_a_cpu,cpu,9351.95,9352.38
2,335,h_a,dpu,9352.38,9518.95
2,335,eb_enc,cpu,9518.95,9519.08
2,335,eb_dec,cpu,9519.08,9519.21
2,335,h_s,dpu,9519.21,9521.71
2,335,gc,cpu,9521.72,9531.6
2,342,normalize,cpu,9532.14,9535.78
2,342,g_a_cpu,cpu,9535.79,9536.08
2,342,g_a,dpu,9536.08,9573.02
2,342,g_a,dpu,9573.02,9610.09
2,342,g_a_cpu,cpu,9610.09,9610.51
2,342,h_a,dpu,9610.52,9709.6
2,342,eb_enc,cpu,9709.6,9709.84
2,342,eb_dec,cpu,9709.84,9709.98
2,342,h_s,dpu,9709.98,9759.74
2,342,gc,cpu,9759.74,9769.45
2,350,normalize,cpu,9769.93,9773.66
2,350,g_a_cpu,cpu,9773.67,9774.06
2,350,g_a,dpu,9774.07,9850.43
2,350,g_a,dpu,9850.43,9929.29
2,350,g_a_cpu,cpu,9929.29,9929.72
2,350,h_a,dpu,9929.72,10006.5
2,350,eb_enc,cpu,10006.5,10006.6
2,350,eb_dec,cpu,10006.6,10006.8
2,350,h_s,dpu,10006.8,10066.5
2,350,gc,cpu,10066.5,10076.5
2,360,normalize,cpu,10077,10080.8
2,360,g_a_cpu,cpu,10080.8,10081.1
2,360,g_a,dpu,10081.1,10120.7
2,360,g_a,dpu,10120.7,10168
2,360,g_a_cpu,cpu,10168,10168.4
2,360,h_a,dpu,10168.4,10273.1
2,360,eb_enc,cpu,10273.1,10273.2
2,360,eb_dec,cpu,10273.2,10273.3
2,360,h_s,dpu,10273.3,10351.6
2,360,gc,cpu,10351.6,10361.4
2,370,normalize,cpu,10362,10365.6
2,370,g_a_cpu,cpu,10365.6,10365.9
2,370,g_a,dpu,10365.9,10403.4
2,370,g_a,dpu,10403.4,10477.3
2,370,g_a_cpu,cpu,10477.3,10477.8
2,370,h_a,dpu,10477.8,10583.2
2,370,eb_enc,cpu,10583.2,10583.4
2,370,eb_dec,cpu,10583.4,10583.5
2,370,h_s,dpu,10583.5,10584.6
2,370,gc,cpu,10584.6,10594.4
2,380,normalize,cpu,10594.9,10598.6
2,380,g_a_cpu,cpu,10598.7,10599
2,380,g_a,dpu,10599,10635.8
2,380,g_a,dpu,10635.8,10677
2,380,g_a_cpu,cpu,10677,10677.4
2,380,h_a,dpu,10677.4,10803.6
2,380,eb_enc,cpu,10803.6,10803.8
2,380,eb_dec,cpu,10803.8,10803.9
2,380,h_s,dpu,10803.9,10819.9
2,380,gc,cpu,10819.9,10829.6
2,389,normalize,cpu,10830.1,10833.8
2,389,g_a_cpu,cpu,10833.8,10834
2,389,g_a,dpu,10834,10876.7
2,389,g_a,dpu,10876.7,10916.8
2,389,g_a_cpu,cpu,10916.8,10917.2
2,389,h_a,dpu,10917.2,11036.7
2,389,eb_enc,cpu,11036.7,11036.8
2,389,eb_dec,cpu,11036.8,11037
2,389,h_s,dpu,11037,11046.2
2,389,gc,cpu,11046.2,11055.9
2,397,normalize,cpu,11056.5,11060.1
2,397,g_a_cpu,cpu,11060.1,11060.4
2,397,g_a,dpu,11060.4,11107.2
2,397,g_a,dpu,11107.2,11144.9
2,397,g_a_cpu,cpu,11144.9,11145.3
2,397,h_a,dpu,11145.3,11230.6
2,397,eb_enc,cpu,11230.6,11230.7
2,397,eb_dec,cpu,11230.7,11230.8
2,397,h_s,dpu,11230.8,11240.7
2,397,gc,cpu,11240.7,11250.7
2,407,normalize,cpu,11251.2,11254.8
2,407,g_a_cpu,cpu,11254.8,11255.1
2,407,g_a,dpu,11255.1,11347.5
2,407,g_a,dpu,11347.5,11386.9
2,407,g_a_cpu,cpu,11386.9,11387.3
2,407,h_a,dpu,11387.3,11491.1
2,407,eb_enc,cpu,11491.1,11491.3
2,407,eb_dec,cpu,11491.3,11491.4
2,407,h_s,dpu,11491.4,11541
2,407,gc,cpu,11541,11551.1
2,417,normalize,cpu,11551.6,11555.2
2,417,g_a_cpu,cpu,11555.2,11555.5
2,417,g_a,dpu,11555.6,11619.5
2,417,g_a,dpu,11619.5,11658
2,417,g_a_cpu,cpu,11658,11658.3
2,417,h_a,dpu,11658.3,11754.3
2,417,eb_enc,cpu,11754.3,11754.4
2,417,eb_dec,cpu,11754.5,11754.6
2,417,h_s,dpu,11754.6,11806.7
2,417,gc,cpu,11806.7,11816.6
2,426,normalize,cpu,11817.2,11820.8
2,426,g_a_cpu,cpu,11820.9,11821.1
2,426,g_a,dpu,11821.1,11879.3
2,426,g_a,dpu,11879.3,11918.2
2,426,g_a_cpu,cpu,11918.2,11918.6
2,426,h_a,dpu,11918.6,12010.9
2,426,eb_enc,cpu,12010.9,12011
2,426,eb_dec,cpu,12011,12011.1
2,426,h_s,dpu,12011.1,12027.8
2,426,gc,cpu,12027.8,12037.7
2,435,normalize,cpu,12038.2,12041.8
2,435,g_a_cpu,cpu,12041.8,12042.1
2,435,g_a,dpu,12042.1,12112.7
2,435,g_a,dpu,12112.7,12149.5
2,435,g_a_cpu,cpu,12149.5,12149.9
2,435,h_a,dpu,12149.9,12232
2,435,eb_enc,cpu,12232,12232.2
2,435,eb_dec,cpu,12232.2,12232.3
2,435,h_s,dpu,12232.3,12251.7
2,435,gc,cpu,12251.7,12261.4
2,443,normalize,cpu,12261.9,12265.7
2,443,g_a_cpu,cpu,12265.7,12266
2,443,g_a,dpu,12266,12376.7
2,443,g_a,dpu,12376.7,12415.7
2,443,g_a_cpu,cpu,12415.7,12416.1
2,443,h_a,dpu,12416.1,12456.7
2,443,eb_enc,cpu,12456.7,12456.8
2,443,eb_dec,cpu,12456.8,12457
2,443,h_s,dpu,12457,12474.5
2,443,gc,cpu,12474.5,12484.6
2,454,normalize,cpu,12485.2,12488.9
2,454,g_a_cpu,cpu,12488.9,12489.2
2,454,g_a,dpu,12489.2,12573.4
2,454,g_a,dpu,12573.4,12646.2
2,454,g_a_cpu,cpu,12646.2,12646.6
2,454,h_a,dpu,12646.6,12718
2,454,eb_enc,cpu,12718,12718.1
2,454,eb_dec,cpu,12718.1,12718.3
2,454,h_s,dpu,12718.3,12735.5
2,454,gc,cpu,12735.5,12746.3
2,463,normalize,cpu,12747.1,12750.7
2,463,g_a_cpu,cpu,12750.7,12751.2
2,463,g_a,dpu,12751.2,12817.3
2,463,g_a,dpu,12817.3,12890.4
2,463,g_a_cpu,cpu,12890.4,12890.8
2,463,h_a,dpu,12890.8,12976.9
2,463,eb_enc,cpu,12976.9,12977
2,463,eb_dec,cpu,12977,12977.2
2,463,h_s,dpu,12977.2,12980.6
2,463,gc,cpu,12980.7,12996.2
2,472,normalize,cpu,12996.7,13000.5
2,472,g_a_cpu,cpu,13000.5,13000.8
2,472,g_a,dpu,13000.8,13066.8
2,472,g_a,dpu,13066.8,13140.5
2,472,g_a_cpu,cpu,13140.5,13140.8
2,472,h_a,dpu,13140.8,13249.3
2,472,eb_enc,cpu,13249.3,13249.5
2,472,eb_dec,cpu,13249.5,13249.6
2,472,h_s,dpu,13249.6,13251
2,472,gc,cpu,13251,13260.8
2,481,normalize,cpu,13261.3,13265
2,481,g_a_cpu,cpu,13265,13265.4
2,481,g_a,dpu,13265.4,13310.2
2,481,g_a,dpu,13310.2,13383.4
2,481,g_a_cpu,cpu,13383.4,13383.8
2,481,h_a,dpu,13383.8,13516.5
2,481,eb_enc,cpu,13516.5,13516.6
2,481,eb_dec,cpu,13516.7,13516.8
2,481,h_s,dpu,13516.8,13517.9
2,481,gc,cpu,13517.9,13528
2,490,normalize,cpu,13528.4,13532.1
2,490,g_a_cpu,cpu,13532.1,13532.4
2,490,g_a,dpu,13532.4,13579.4
2,490,g_a,dpu,13579.4,13616.5
2,490,g_a_cpu,cpu,13616.5,13616.9
2,490,h_a,dpu,13616.9,13705.3
2,490,eb_enc,cpu,13705.3,13705.4
2,490,eb_dec,cpu,13705.4,13705.6
2,490,h_s,dpu,13705.6,13755.6
2,490,gc,cpu,13755.6,13765.3
2,497,normalize,cpu,13765.8,13769.5
2,497,g_a_cpu,cpu,13769.5,13769.8
2,497,g_a,dpu,13769.8,13807
2,497,g_a,dpu,13807,13916
2,497,g_a_cpu,cpu,13916,13916.6
2,497,h_a,dpu,13916.6,14002.2
2,497,eb_enc,cpu,14002.2,14002.3
2,497,eb_dec,cpu,14002.3,14002.5
2,497,h_s,dpu,14002.5,14016.3
2,497,gc,cpu,14016.3,14026.5
2,507,normalize,cpu,14027.1,14030.7
2,507,g_a_cpu,cpu,14030.7,14031.2
2,507,g_a,dpu,14031.2,14068.4
2,507,g_a,dpu,14068.4,14178.1
2,507,g_a_cpu,cpu,14178.1,14178.6
2,507,h_a,dpu,14178.6,14303.6
2,507,eb_enc,cpu,14303.7,14303.8
2,507,eb_dec,cpu,14303.8,14303.9
2,507,h_s,dpu,14303.9,14307
2,507,gc,cpu,14307,14317.5
2,520,normalize,cpu,14318.1,14323.9
2,520,g_a_cpu,cpu,14323.9,14324.5
2,520,g_a,dpu,14324.5,14369.4
2,520,g_a,dpu,14369.4,14478.9
2,520,g_a_cpu,cpu,14478.9,14479.3
2,520,h_a,dpu,14479.3,14562.8
2,520,eb_enc,cpu,14562.8,14562.9
2,520,eb_dec,cpu,14562.9,14563
2,520,h_s,dpu,14563,14565
2,520,gc,cpu,14565,14575
2,528,normalize,cpu,14575.4,14579.1
2,528,g_a_cpu,cpu,14579.1,14579.6
2,528,g_a,dpu,14579.6,14652.4
2,528,g_a,dpu,14652.4,14763.4
2,528,g_a_cpu,cpu,14763.4,14763.8
2,528,h_a,dpu,14763.8,14858.2
2,528,eb_enc,cpu,14858.2,14858.3
2,528,eb_dec,cpu,14858.3,14858.5
2,528,h_s,dpu,14858.5,14860
2,528,gc,cpu,14860,14869.9
2,538,normalize,cpu,14870.3,14873.9
2,538,g_a_cpu,cpu,14874,14874.3
2,538,g_a,dpu,14874.3,14930.1
2,538,g_a,dpu,14930.1,14967
2,538,g_a_cpu,cpu,14967,14967.4
2,538,h_a,dpu,14967.4,15054
2,538,eb_enc,cpu,15054,15054.2
2,538,eb_dec,cpu,15054.2,15054.3
2,538,h_s,dpu,15054.3,15097
2,538,gc,cpu,15097,15106.7
2,546,normalize,cpu,15107.1,15110.8
2,546,g_a_cpu,cpu,15110.8,15111.1
2,546,g_a,dpu,15111.1,15160.7
2,546,g_a,dpu,15160.7,15200.8
2,546,g_a_cpu,cpu,15200.8,15201.2
2,546,h_a,dpu,15201.2,15277.4
2,546,eb_enc,cpu,15277.4,15277.6
2,546,eb_dec,cpu,15277.6,15277.7
2,546,h_s,dpu,15277.7,15297.2
2,546,gc,cpu,15297.2,15306.8
2,556,normalize,cpu,15307.2,15311.4
2,556,g_a_cpu,cpu,15311.4,15311.7
2,556,g_a,dpu,15311.7,15419.3
2,556,g_a,dpu,15419.3,15462.5
2,556,g_a_cpu,cpu,15462.5,15462.9
2,556,h_a,dpu,15462.9,15537.8
2,556,eb_enc,cpu,15537.8,15537.9
2,556,eb_dec,cpu,15537.9,15538
2,556,h_s,dpu,15538,15589.2
2,556,gc,cpu,15589.2,15598.9
2,566,normalize,cpu,15599.4,15603
2,566,g_a_cpu,cpu,15603,15603.3
2,566,g_a,dpu,15603.3,15642
2,566,g_a,dpu,15642,15717.7
2,566,g_a_cpu,cpu,15717.7,15718.1
2,566,h_a,dpu,15718.1,15800.3
2,566,eb_enc,cpu,15800.3,15800.4
2,566,eb_dec,cpu,15800.4,15800.5
2,566,h_s,dpu,15800.5,15817.2
2,566,gc,cpu,15817.2,15827.1
2,575,normalize,cpu,15827.6,15831.2
2,575,g_a_cpu,cpu,15831.2,15831.5
2,575,g_a,dpu,15831.5,15882.3
2,575,g_a,dpu,15882.3,15957.8
2,575,g_a_cpu,cpu,15957.8,15958.3
2,575,h_a,dpu,15958.3,16060.8
2,575,eb_enc,cpu,16060.8,16061.1
2,575,eb_dec,cpu,16061.1,16061.2
2,575,h_s,dpu,16061.2,16076.5
2,575,gc,cpu,16076.5,16086.5
2,584,normalize,cpu,16087.2,16090.9
2,584,g_a_cpu,cpu,16090.9,16091.4
2,584,g_a,dpu,16091.4,16157.6
2,584,g_a,dpu,16157.6,16230.4
2,584,g_a_cpu,cpu,16230.4,16230.8
2,584,h_a,dpu,16230.8,16323.4
2,584,eb_enc,cpu,16323.4,16323.6
2,584,eb_dec,cpu,16323.6,16323.8
2,584,h_s,dpu,16323.8,16327
2,584,gc,cpu,16327,16336.9
2,593,normalize,cpu,16337.5,16341.2
2,593,g_a_cpu,cpu,16341.2,16341.5
2,593,g_a,dpu,16341.5,16390.7
2,593,g_a,dpu,16390.7,16464.5
2,593,g_a_cpu,cpu,16464.5,16464.9
2,593,h_a,dpu,16464.9,16583
2,593,eb_enc,cpu,16583,16583.1
2,593,eb_dec,cpu,16583.1,16583.2
2,593,h_s,dpu,16583.2,16584.5
2,593,gc,cpu,16584.5,16594.1
2,601,normalize,cpu,16594.6,16598.3
2,601,g_a_cpu,cpu,16598.3,16598.5
2,601,g_a,dpu,16598.5,16652.7
2,601,g_a,dpu,16652.7,16689.5
2,601,g_a_cpu,cpu,16689.5,16689.9
2,601,h_a,dpu,16689.9,16777.7
2,601,eb_enc,cpu,16777.7,16777.9
2,601,eb_dec,cpu,16777.9,16778
2,601,h_s,dpu,16778,16784.7
2,601,gc,cpu,16784.7,16794.5
2,608,normalize,cpu,16794.9,16798.6
2,608,g_a_cpu,cpu,16798.6,16798.9
2,608,g_a,dpu,16798.9,16843.8
2,608,g_a,dpu,16843.8,16881.2
2,608,g_a_cpu,cpu,16881.2,16881.6
2,608,h_a,dpu,16881.6,16963.3
2,608,eb_enc,cpu,16963.3,16963.4
2,608,eb_dec,cpu,16963.4,16963.6
2,608,h_s,dpu,16963.6,16981.1
2,608,gc,cpu,16981.1,16990.8
2,617,normalize,cpu,16991.2,16994.9
2,617,g_a_cpu,cpu,16994.9,16995.3
2,617,g_a,dpu,16995.3,17069.7
2,617,g_a,dpu,17069.7,17109.6
2,617,g_a_cpu,cpu,17109.6,17110.2
2,617,h_a,dpu,17110.2,17187.8
2,617,eb_enc,cpu,17187.8,17187.9
2,617,eb_dec,cpu,17187.9,17188
2,617,h_s,dpu,17188,17238.3
2,617,gc,cpu,17238.3,17248.6
2,626,normalize,cpu,17249.2,17252.9
2,626,g_a_cpu,cpu,17252.9,17253.2
2,626,g_a,dpu,17253.2,17315.6
2,626,g_a,dpu,17315.6,17356.4
2,626,g_a_cpu,cpu,17356.4,17356.8
2,626,h_a,dpu,17356.8,17413.1
2,626,eb_enc,cpu,17413.1,17413.2
2,626,eb_dec,cpu,17413.2,17413.4
2,626,h_s,dpu,17413.4,17427.7
2,626,gc,cpu,17427.7,17437.8
2,635,normalize,cpu,17438.2,17441.9
2,635,g_a_cpu,cpu,17441.9,17442.3
2,635,g_a,dpu,17442.3,17526.5
2,635,g_a,dpu,17526.5,17602.3
2,635,g_a_cpu,cpu,17602.3,17602.6
2,635,h_a,dpu,17602.6,17856.6
2,635,eb_enc,cpu,17856.6,17856.7
2,635,eb_dec,cpu,17856.7,17856.8
2,635,h_s,dpu,17856.8,17945
2,635,gc,cpu,17945,17954.9
2,649,normalize,cpu,17955.4,17959.1
2,649,g_a_cpu,cpu,17959.1,17959.4
2,649,g_a,dpu,17959.4,17996.3
2,649,g_a,dpu,17996.3,18075.3
2,649,g_a_cpu,cpu,18075.3,18075.7
2,649,h_a,dpu,18075.7,18125.3
2,649,eb_enc,cpu,18125.3,18125.4
2,649,eb_dec,cpu,18125.4,18125.5
2,649,h_s,dpu,18125.5,18164.3
2,649,gc,cpu,18164.3,18173.8
2,659,normalize,cpu,18174.3,18177.9
2,659,g_a_cpu,cpu,18178,18178.2
2,659,g_a,dpu,18178.2,18227.5
2,659,g_a,dpu,18227.5,18268.7
2,659,g_a_cpu,cpu,18268.7,18269
2,659,h_a,dpu,18269,18345.3
2,659,eb_enc,cpu,18345.3,18345.4
2,659,eb_dec,cpu,18345.4,18345.5
2,659,h_s,dpu,18345.5,18396.5
2,659,gc,cpu,18396.5,18406.5
2,668,normalize,cpu,18407,18410.7
2,668,g_a_cpu,cpu,18410.7,18411
2,668,g_a,dpu,18411,18468.9
2,668,g_a,dpu,18468.9,18507.6
2,668,g_a_cpu,cpu,18507.6,18508
2,668,h_a,dpu,18508,18606
2,668,eb_enc,cpu,18606,18606.1
2,668,eb_dec,cpu,18606.1,18606.2
2,668,h_s,dpu,18606.2,18662.5
2,668,gc,cpu,18662.5,18672.5
2,677,normalize,cpu,18673,18676.7
2,677,g_a_cpu,cpu,18676.7,18677
2,677,g_a,dpu,18677,18721.5
2,677,g_a,dpu,18721.5,18833.7
2,677,g_a_cpu,cpu,18833.7,18834.1
2,677,h_a,dpu,18834.1,18902.5
2,677,eb_enc,cpu,18902.5,18902.6
2,677,eb_dec,cpu,18902.6,18902.7
2,677,h_s,dpu,18902.7,18909.5
2,677,gc,cpu,18909.5,18919.6
2,688,normalize,cpu,18920.5,18925.5
2,688,g_a_cpu,cpu,18925.5,18925.9
2,688,g_a,dpu,18925.9,19035.8
2,688,g_a,dpu,19035.8,19075.2
2,688,g_a_cpu,cpu,19075.2,19075.6
2,688,h_a,dpu,19075.6,19177.2
2,688,eb_enc,cpu,19177.2,19177.4
2,688,eb_dec,cpu,19177.4,19177.5
2,688,h_s,dpu,19177.5,19193.6
2,688,gc,cpu,19193.6,19204
2,699,normalize,cpu,19204.6,19208.3
2,699,g_a_cpu,cpu,19208.3,19208.5
2,699,g_a,dpu,19208.5,19281.6
2,699,g_a,dpu,19281.6,19394.3
2,699,g_a_cpu,cpu,19394.3,19394.7
2,699,h_a,dpu,19394.7,19439.4
2,699,eb_enc,cpu,19439.4,19439.5
2,699,eb_dec,cpu,19439.5,19439.6
2,699,h_s,dpu,19439.6,19453.5
2,699,gc,cpu,19453.5,19463.5
2,710,normalize,cpu,19464,19467.7
2,710,g_a_cpu,cpu,19467.7,19468
2,710,g_a,dpu,19468,19564.8
2,710,g_a,dpu,19564.8,19639.9
2,710,g_a_cpu,cpu,19639.9,19640.3
2,710,h_a,dpu,19640.3,19700.8
2,710,eb_enc,cpu,19700.8,19701
2,710,eb_dec,cpu,19701,19701.1
2,710,h_s,dpu,19701.1,19702.6
2,710,gc,cpu,19702.6,19712.4
2,717,normalize,cpu,19712.9,19716.6
2,717,g_a_cpu,cpu,19716.6,19717
2,717,g_a,dpu,19717,19801.1
2,717,g_a,dpu,19801.1,19873.8
2,717,g_a_cpu,cpu,19873.8,19874.2
2,717,h_a,dpu,19874.2,20007.3
2,717,eb_enc,cpu,20007.3,20007.4
2,717,eb_dec,cpu,20007.5,20007.6
2,717,h_s,dpu,20007.6,20009.2
2,717,gc,cpu,20009.2,20019
2,727,normalize,cpu,20019.5,20023.1
2,727,g_a_cpu,cpu,20023.1,20023.7
2,727,g_a,dpu,20023.7,20100.7
2,727,g_a,dpu,20100.7,20140.6
2,727,g_a_cpu,cpu,20140.6,20141
2,727,h_a,dpu,20141,20271.1
2,727,eb_enc,cpu,20271.1,20271.3
2,727,eb_dec,cpu,20271.3,20272
2,727,h_s,dpu,20272,20273.7
2,727,gc,cpu,20273.7,20283.7
2,736,normalize,cpu,20284.4,20288.1
2,736,g_a_cpu,cpu,20288.1,20288.7
2,736,g_a,dpu,20288.7,20340.8
2,736,g_a,dpu,20340.8,20414.4
2,736,g_a_cpu,cpu,20414.4,20414.8
2,736,h_a,dpu,20414.8,20493.8
2,736,eb_enc,cpu,20493.8,20493.9
2,736,eb_dec,cpu,20493.9,20494
2,736,h_s,dpu,20494,20510.6
2,736,gc,cpu,20510.6,20525
2,745,normalize,cpu,20525.5,20529.2
2,745,g_a_cpu,cpu,20529.2,20529.4
2,745,g_a,dpu,20529.4,20596.1
2,745,g_a,dpu,20596.1,20632.9
2,745,g_a_cpu,cpu,20632.9,20633.2
2,745,h_a,dpu,20633.2,20729
2,745,eb_enc,cpu,20729,20729.1
2,745,eb_dec,cpu,20729.1,20729.3
2,745,h_s,dpu,20729.3,20801.6
2,745,gc,cpu,20801.6,20811.7
2,753,normalize,cpu,20812.4,20816.2
2,753,g_a_cpu,cpu,20816.2,20816.7
2,753,g_a,dpu,20816.7,20854.6
2,753,g_a,dpu,20854.6,20964.7
2,753,g_a_cpu,cpu,20964.7,20965.2
2,753,h_a,dpu,20965.2,21072.7
2,753,eb_enc,cpu,21072.7,21072.8
2,753,eb_dec,cpu,21072.8,21072.9
2,753,h_s,dpu,21072.9,21075.3
2,753,gc,cpu,21075.3,21085.2
2,763,normalize,cpu,21085.8,21094.9
2,763,g_a_cpu,cpu,21094.9,21095.2
2,763,g_a,dpu,21095.2,21164.7
2,763,g_a,dpu,21164.7,21274.2
2,763,g_a_cpu,cpu,21274.2,21274.6
2,763,h_a,dpu,21274.6,21379.8
2,763,eb_enc,cpu,21379.8,21379.9
2,763,eb_dec,cpu,21379.9,21380.1
2,763,h_s,dpu,21380.1,21381.4
2,763,gc,cpu,21381.4,21399.4
2,775,normalize,cpu,21400,21403.7
2,775,g_a_cpu,cpu,21403.7,21404.4
2,775,g_a,dpu,21404.4,21472.4
2,775,g_a,dpu,21472.4,21581.2
2,775,g_a_cpu,cpu,21581.2,21581.6
2,775,h_a,dpu,21581.6,21694.9
2,775,eb_enc,cpu,21694.9,21695.1
2,775,eb_dec,cpu,21695.1,21695.2
2,775,h_s,dpu,21695.2,21696.7
2,775,gc,cpu,21696.7,21706.8
2,784,normalize,cpu,21707.3,21711.1
2,784,g_a_cpu,cpu,21711.1,21711.5
2,784,g_a,dpu,21711.5,21755
2,784,g_a,dpu,21755,21864.7
2,784,g_a_cpu,cpu,21864.7,21865.1
2,784,h_a,dpu,21865.1,21998.3
2,784,eb_enc,cpu,21998.3,21998.4
2,784,eb_dec,cpu,21998.4,21998.5
2,784,h_s,dpu,21998.5,22001.2
2,784,gc,cpu,22001.2,22011.7
2,796,normalize,cpu,22012.3,22016
2,796,g_a_cpu,cpu,22016,22016.5
2,796,g_a,dpu,22016.5,22053.4
2,796,g_a,dpu,22053.4,22090.1
2,796,g_a_cpu,cpu,22090.1,22090.6
2,796,h_a,dpu,22090.6,22224.6
2,796,eb_enc,cpu,22224.6,22224.7
2,796,eb_dec,cpu,22224.7,22224.9
2,796,h_s,dpu,22224.9,22233.3
2,796,gc,cpu,22233.3,22243.7
2,800,normalize,cpu,22244.4,22248
2,800,g_a_cpu,cpu,22248,22248.3
2,800,g_a,dpu,22248.3,22285.3
2,800,g_a,dpu,22285.3,22325
2,800,g_a_cpu,cpu,22325,22325.3
2,800,h_a,dpu,22325.3,22414.9
2,800,eb_enc,cpu,22414.9,22415
2,800,eb_dec,cpu,22415,22415.2
2,800,h_s,dpu,22415.2,22502.3
2,800,gc,cpu,22502.3,22512
2,811,normalize,cpu,22512.5,22516.1
2,811,g_a_cpu,cpu,22516.1,22516.5
2,811,g_a,dpu,22516.5,22553.4
2,811,g_a,dpu,22553.4,22593.3
2,811,g_a_cpu,cpu,22593.3,22593.8
2,811,h_a,dpu,22593.8,22678.7
2,811,eb_enc,cpu,22678.7,22678.8
2,811,eb_dec,cpu,22678.8,22679
2,811,h_s,dpu,22679,22724.1
2,811,gc,cpu,22724.1,22733.7
2,820,normalize,cpu,22734.2,22737.9
2,820,g_a_cpu,cpu,22737.9,22738.2
2,820,g_a,dpu,22738.2,22780.1
2,820,g_a,dpu,22780.1,22820.6
2,820,g_a_cpu,cpu,22820.6,22821
2,820,h_a,dpu,22821,22901.7
2,820,eb_enc,cpu,22901.7,22901.8
2,820,eb_dec,cpu,22901.8,22901.9
2,820,h_s,dpu,22901.9,22956.4
2,820,gc,cpu,22956.4,22966.2
2,829,normalize,cpu,22966.7,22970.4
2,829,g_a_cpu,cpu,22970.4,22970.6
2,829,g_a,dpu,22970.6,23028.4
2,829,g_a,dpu,23028.4,23065.6
2,829,g_a_cpu,cpu,23065.6,23065.9
2,829,h_a,dpu,23065.9,23161.1
2,829,eb_enc,cpu,23161.1,23161.2
2,829,eb_dec,cpu,23161.2,23161.4
2,829,h_s,dpu,23161.4,23178.5
2,829,gc,cpu,23178.5,23188.2
2,838,normalize,cpu,23188.7,23192.3
2,838,g_a_cpu,cpu,23192.3,23192.6
2,838,g_a,dpu,23192.6,23292.7
2,838,g_a,dpu,23292.7,23331.4
2,838,g_a_cpu,cpu,23331.4,23331.8
2,838,h_a,dpu,23331.8,23420.4
2,838,eb_enc,cpu,23420.4,23420.5
2,838,eb_dec,cpu,23420.5,23420.6
2,838,h_s,dpu,23420.6,23437.7
2,838,gc,cpu,23437.7,23447.5
2,847,normalize,cpu,23448,23451.8
2,847,g_a_cpu,cpu,23451.8,23452.1
2,847,g_a,dpu,23452.1,23527
2,847,g_a,dpu,23527,23566
2,847,g_a_cpu,cpu,23566,23566.3
2,847,h_a,dpu,23566.3,23682
2,847,eb_enc,cpu,23682,23682.2
2,847,eb_dec,cpu,23682.2,23682.3
2,847,h_s,dpu,23682.3,23701.7
2,847,gc,cpu,23701.7,23711.5
2,857,normalize,cpu,23712,23715.7
2,857,g_a_cpu,cpu,23715.7,23716
2,857,g_a,dpu,23716,23761.2
2,857,g_a,dpu,23761.2,23798.1
2,857,g_a_cpu,cpu,23798.1,23798.5
2,857,h_a,dpu,23798.5,23903.2
2,857,eb_enc,cpu,23903.2,23903.4
2,857,eb_dec,cpu,23903.4,23903.5
2,857,h_s,dpu,23903.5,23908.5
2,857,gc,cpu,23908.5,23918.4
2,866,normalize,cpu,23919,23922.8
2,866,g_a_cpu,cpu,23922.8,23923
2,866,g_a,dpu,23923,23977.8
2,866,g_a,dpu,23977.8,24051.9
2,866,g_a_cpu,cpu,24051.9,24052.3
2,866,h_a,dpu,24052.3,24125.1
2,866,eb_enc,cpu,24125.1,24125.3
2,866,eb_dec,cpu,24125.3,24125.4
2,866,h_s,dpu,24125.4,24144.8
2,866,gc,cpu,24144.8,24154.9
2,875,normalize,cpu,24155.4,24160.3
2,875,g_a_cpu,cpu,24160.3,24161.2
2,875,g_a,dpu,24161.3,24237.3
2,875,g_a,dpu,24237.3,24310.1
2,875,g_a_cpu,cpu,24310.1,24310.4
2,875,h_a,dpu,24310.5,24349.9
2,875,eb_enc,cpu,24349.9,24350.1
2,875,eb_dec,cpu,24350.1,24350.2
2,875,h_s,dpu,24350.2,24369.4
2,875,gc,cpu,24369.4,24379.1
2,881,normalize,cpu,24379.6,24383.3
2,881,g_a_cpu,cpu,24383.3,24383.6
2,881,g_a,dpu,24383.6,24436.8
2,881,g_a,dpu,24436.8,24510.9
2,881,g_a_cpu,cpu,24510.9,24511.4
2,881,h_a,dpu,24511.4,24644.9
2,881,eb_enc,cpu,24644.9,24645.1
2,881,eb_dec,cpu,24645.1,24645.2
2,881,h_s,dpu,24645.2,24648.3
2,881,gc,cpu,24648.3,24658.1
2,892,normalize,cpu,24658.6,24662.4
2,892,g_a_cpu,cpu,24662.5,24663
2,892,g_a,dpu,24663,24700.3
2,892,g_a,dpu,24700.3,24851
2,892,g_a_cpu,cpu,24851,24851.3
2,892,h_a,dpu,24851.3,24942.7
2,892,eb_enc,cpu,24942.7,24942.9
2,892,eb_dec,cpu,24942.9,24943
2,892,h_s,dpu,24943,24960.4
2,892,gc,cpu,24960.4,24970
2,903,normalize,cpu,24970.4,24974.3
2,903,g_a_cpu,cpu,24974.3,24974.6
2,903,g_a,dpu,24974.6,25049.3
2,903,g_a,dpu,25049.3,25162.5
2,903,g_a_cpu,cpu,25162.5,25162.9
2,903,h_a,dpu,25162.9,25238.4
2,903,eb_enc,cpu,25238.4,25238.6
2,903,eb_dec,cpu,25238.6,25238.7
2,903,h_s,dpu,25238.7,25244.7
2,903,gc,cpu,25244.7,25255.1
2,916,normalize,cpu,25255.9,25259.6
2,916,g_a_cpu,cpu,25259.6,25259.9
2,916,g_a,dpu,25259.9,25341.7
2,916,g_a,dpu,25341.7,25414.7
2,916,g_a_cpu,cpu,25414.7,25415.2
2,916,h_a,dpu,25415.2,25464.7
2,916,eb_enc,cpu,25464.7,25464.9
2,916,eb_dec,cpu,25464.9,25465
2,916,h_s,dpu,25465,25480.7
2,916,gc,cpu,25480.7,25491
2,925,normalize,cpu,25491.5,25495.1
2,925,g_a_cpu,cpu,25495.1,25495.4
2,925,g_a,dpu,25495.4,25575.4
2,925,g_a,dpu,25575.4,25652.8
2,925,g_a_cpu,cpu,25652.8,25653.1
2,925,h_a,dpu,25653.1,25721.7
2,925,eb_enc,cpu,25721.7,25721.8
2,925,eb_dec,cpu,25721.8,25722
2,925,h_s,dpu,25722,25724.6
2,925,gc,cpu,25724.6,25738.7
3,1,normalize,cpu,69.1609,72.9241
3,1,g_a_cpu,cpu,87.5857,88.032
3,1,g_a,dpu,88.0399,298.172
3,1,g_a,dpu,298.176,371.683
3,1,g_a_cpu,cpu,371.684,372.12
3,1,h_a,dpu,372.127,374.117
3,1,eb_enc,cpu,374.117,374.251
3,1,eb_dec,cpu,374.252,374.371
3,1,h_s,dpu,374.371,428.729
3,1,gc,cpu,428.733,439.753
3,19,normalize,cpu,440.291,443.895
3,19,g_a_cpu,cpu,443.899,444.249
3,19,g_a,dpu,444.254,557.643
3,19,g_a,dpu,557.645,667.723
3,19,g_a_cpu,cpu,667.725,668.103
3,19,h_a,dpu,668.106,669.977
3,19,eb_enc,cpu,669.978,670.136
3,19,eb_dec,cpu,670.139,670.26
3,19,h_s,dpu,670.26,735
3,19,gc,cpu,735.001,744.724
3,28,normalize,cpu,745.194,748.851
3,28,g_a_cpu,cpu,748.854,749.346
3,28,g_a,dpu,749.353,896.935
3,28,g_a,dpu,896.936,1045.37
3,28,g_a_cpu,cpu,1045.37,1045.8
3,28,h_a,dpu,1045.8,1097.92
3,28,eb_enc,cpu,1097.93,1098.05
3,28,eb_dec,cpu,1098.05,1098.16
3,28,h_s,dpu,1098.16,1112.1
3,28,gc,cpu,1112.1,1122.42
3,40,normalize,cpu,1122.94,1126.63
3,40,g_a_cpu,cpu,1126.63,1126.98
3,40,g_a,dpu,1126.99,1243.65
3,40,g_a,dpu,1243.65,1392.01
3,40,g_a_cpu,cpu,1392.01,1392.37
3,40,h_a,dpu,1392.38,1402.42
3,40,eb_enc,cpu,1402.42,1402.56
3,40,eb_dec,cpu,1402.56,1402.68
3,40,h_s,dpu,1402.68,1438.43
3,40,gc,cpu,1438.43,1448.92
3,55,normalize,cpu,1449.67,1453.33
3,55,g_a_cpu,cpu,1453.33,1453.63
3,55,g_a,dpu,1453.63,1544.32
3,55,g_a,dpu,1544.32,1654.2
3,55,g_a_cpu,cpu,1654.2,1654.53
3,55,h_a,dpu,1654.53,1656.22
3,55,eb_enc,cpu,1656.22,1656.35
3,55,eb_dec,cpu,1656.35,1656.46
3,55,h_s,dpu,1656.46,1677.37
3,55,gc,cpu,1677.37,1687.23
3,62,normalize,cpu,1687.79,1691.46
3,62,g_a_cpu,cpu,1691.47,1691.75
3,62,g_a,dpu,1691.76,1772.46
3,62,g_a,dpu,1772.46,1918.82
3,62,g_a_cpu,cpu,1918.82,1919.14
3,62,h_a,dpu,1919.14,1921
3,62,eb_enc,cpu,1921,1921.15
3,62,eb_dec,cpu,1921.15,1921.28
3,62,h_s,dpu,1921.28,1965.97
3,62,gc,cpu,1965.97,1975.93
3,74,normalize,cpu,1976.4,1980.01
3,74,g_a_cpu,cpu,1980.01,1980.32
3,74,g_a,dpu,1980.32,2072.08
3,74,g_a,dpu,2072.08,2217.57
3,74,g_a_cpu,cpu,2217.57,2218.02
3,74,h_a,dpu,2218.04,2219.83
3,74,eb_enc,cpu,2219.83,2219.96
3,74,eb_dec,cpu,2219.96,2220.08
3,74,h_s,dpu,2220.08,2248.81
3,74,gc,cpu,2248.81,2258.74
3,86,normalize,cpu,2259.25,2262.9
3,86,g_a_cpu,cpu,2262.9,2263.19
3,86,g_a,dpu,2263.2,2374.04
3,86,g_a,dpu,2374.04,2483.04
3,86,g_a_cpu,cpu,2483.04,2483.49
3,86,h_a,dpu,2483.49,2485.17
3,86,eb_enc,cpu,2485.17,2485.33
3,86,eb_dec,cpu,2485.33,2485.46
3,86,h_s,dpu,2485.46,2552.45
3,86,gc,cpu,2552.45,2562.31
3,96,normalize,cpu,2562.8,2566.46
3,96,g_a_cpu,cpu,2566.47,2566.73
3,96,g_a,dpu,2566.73,2668.02
3,96,g_a,dpu,2668.02,2777.43
3,96,g_a_cpu,cpu,2777.43,2777.87
3,96,h_a,dpu,2777.87,2779.81
3,96,eb_enc,cpu,2779.81,2779.94
3,96,eb_dec,cpu,2779.94,2780.08
3,96,h_s,dpu,2780.08,2781.41
3,96,gc,cpu,2781.41,2791.66
3,103,normalize,cpu,2792.13,2795.84
3,103,g_a_cpu,cpu,2795.85,2796.42
3,103,g_a,dpu,2796.43,2892.63
3,103,g_a,dpu,2892.63,3038.68
3,103,g_a_cpu,cpu,3038.68,3039.08
3,103,h_a,dpu,3039.08,3040.54
3,103,eb_enc,cpu,3040.54,3040.67
3,103,eb_dec,cpu,3040.67,3040.78
3,103,h_s,dpu,3040.78,3068.65
3,103,gc,cpu,3068.65,3078.57
3,111,normalize,cpu,3079.25,3083.04
3,111,g_a_cpu,cpu,3083.04,3083.41
3,111,g_a,dpu,3083.42,3310.66
3,111,g_a,dpu,3310.66,3386.83
3,111,g_a_cpu,cpu,3386.83,3387.15
3,111,h_a,dpu,3387.15,3439.69
3,111,eb_enc,cpu,3439.69,3439.81
3,111,eb_dec,cpu,3439.81,3439.92
3,111,h_s,dpu,3439.92,3514.68
3,111,gc,cpu,3514.68,3524.63
3,128,normalize,cpu,3534.76,3538.54
3,128,g_a_cpu,cpu,3538.55,3538.8
3,128,g_a,dpu,3538.81,3647.28
3,128,g_a,dpu,3647.28,3797.54
3,128,g_a_cpu,cpu,3797.54,3797.97
3,128,h_a,dpu,3797.97,3799.73
3,128,eb_enc,cpu,3799.73,3799.86
3,128,eb_dec,cpu,3799.86,3799.97
3,128,h_s,dpu,3799.97,3821.57
3,128,gc,cpu,3821.57,3831.43
3,138,normalize,cpu,3832.07,3836.98
3,138,g_a_cpu,cpu,3836.98,3837.35
3,138,g_a,dpu,3837.35,3948.27
3,138,g_a,dpu,3948.27,4059.63
3,138,g_a_cpu,cpu,4059.63,4060.17
3,138,h_a,dpu,4060.18,4113.32
3,138,eb_enc,cpu,4113.32,4113.45
3,138,eb_dec,cpu,4113.45,4113.56
3,138,h_s,dpu,4113.56,4114.88
3,138,gc,cpu,4114.89,4124.84
3,149,normalize,cpu,4125.27,4128.95
3,149,g_a_cpu,cpu,4128.96,4129.2
3,149,g_a,dpu,4129.2,4244.08
3,149,g_a,dpu,4244.08,4321.41
3,149,g_a_cpu,cpu,4321.41,4321.79
3,149,h_a,dpu,4321.79,4370.95
3,149,eb_enc,cpu,4370.95,4371.11
3,149,eb_dec,cpu,4371.11,4371.23
3,149,h_s,dpu,4371.23,4404.28
3,149,gc,cpu,4404.28,4414.07
3,159,normalize,cpu,4414.53,4418.21
3,159,g_a_cpu,cpu,4418.21,4418.52
3,159,g_a,dpu,4418.52,4544.99
3,159,g_a,dpu,4544.99,4655.67
3,159,g_a_cpu,cpu,4655.67,4656.13
3,159,h_a,dpu,4656.14,4681.64
3,159,eb_enc,cpu,4681.64,4681.81
3,159,eb_dec,cpu,4681.81,4681.95
3,159,h_s,dpu,4681.95,4683.44
3,159,gc,cpu,4683.45,4693.16
3,171,normalize,cpu,4693.61,4697.28
3,171,g_a_cpu,cpu,4697.28,4697.55
3,171,g_a,dpu,4697.55,4840.72
3,171,g_a,dpu,4840.72,4877.05
3,171,g_a_cpu,cpu,4877.05,4877.46
3,171,h_a,dpu,4877.46,4879.34
3,171,eb_enc,cpu,4879.34,4879.48
3,171,eb_dec,cpu,4879.48,4879.59
3,171,h_s,dpu,4879.59,4932.64
3,171,gc,cpu,4932.64,4943.1
3,182,normalize,cpu,4943.65,4947.3
3,182,g_a_cpu,cpu,4947.31,4947.68
3,182,g_a,dpu,4947.68,5078.91
3,182,g_a,dpu,5078.91,5188.18
3,182,g_a_cpu,cpu,5188.21,5188.6
3,182,h_a,dpu,5188.6,5190.57
3,182,eb_enc,cpu,5190.57,5190.74
3,182,eb_dec,cpu,5190.74,5190.87
3,182,h_s,dpu,5190.87,5214.86
3,182,gc,cpu,5214.86,5224.73
3,193,normalize,cpu,5225.24,5228.91
3,193,g_a_cpu,cpu,5228.91,5229.22
3,193,g_a,dpu,5229.23,5348.04
3,193,g_a,dpu,5348.04,5493.85
3,193,g_a_cpu,cpu,5493.85,5494.19
3,193,h_a,dpu,5494.19,5509.76
3,193,eb_enc,cpu,5509.76,5509.89
3,193,eb_dec,cpu,5509.89,5510
3,193,h_s,dpu,5510,5517.37
3,193,gc,cpu,5517.37,5527.44
3,203,normalize,cpu,5528.05,5531.72
3,203,g_a_cpu,cpu,5531.72,5531.98
3,203,g_a,dpu,5531.99,5642.47
3,203,g_a,dpu,5642.47,5787.95
3,203,g_a_cpu,cpu,5787.95,5788.65
3,203,h_a,dpu,5788.65,5790.49
3,203,eb_enc,cpu,5790.5,5790.65
3,203,eb_dec,cpu,5790.65,5790.77
3,203,h_s,dpu,5790.77,5825.89
3,203,gc,cpu,5825.89,5835.66
3,213,normalize,cpu,5836.1,5839.77
3,213,g_a_cpu,cpu,5839.77,5840.05
3,213,g_a,dpu,5840.06,5977.28
3,213,g_a,dpu,5977.28,6091.73
3,213,g_a_cpu,cpu,6091.73,6092.29
3,213,h_a,dpu,6092.3,6107.17
3,213,eb_enc,cpu,6107.17,6107.33
3,213,eb_dec,cpu,6107.33,6107.45
3,213,h_s,dpu,6107.45,6157.34
3,213,gc,cpu,6157.34,6166.96
3,224,normalize,cpu,6167.46,6171.2
3,224,g_a_cpu,cpu,6171.2,6171.46
3,224,g_a,dpu,6171.47,6355.91
3,224,g_a,dpu,6355.91,6575.84
3,224,g_a_cpu,cpu,6575.85,6576.17
3,224,h_a,dpu,6576.17,6577.84
3,224,eb_enc,cpu,6577.84,6577.97
3,224,eb_dec,cpu,6577.97,6578.09
3,224,h_s,dpu,6578.09,6605.93
3,224,gc,cpu,6605.94,6617.14
3,240,normalize,cpu,6617.67,6621.31
3,240,g_a_cpu,cpu,6621.31,6621.59
3,240,g_a,dpu,6621.59,6728.28
3,240,g_a,dpu,6728.29,6837.95
3,240,g_a_cpu,cpu,6837.95,6838.38
3,240,h_a,dpu,6838.39,6839.92
3,240,eb_enc,cpu,6839.92,6840.07
3,240,eb_dec,cpu,6840.07,6840.23
3,240,h_s,dpu,6840.23,6914.79
3,240,gc,cpu,6914.79,6924.65
3,252,normalize,cpu,6925.1,6928.77
3,252,g_a_cpu,cpu,6928.78,6929.07
3,252,g_a,dpu,6929.07,7059.3
3,252,g_a,dpu,7059.3,7134.17
3,252,g_a_cpu,cpu,7134.17,7134.54
3,252,h_a,dpu,7134.55,7152.52
3,252,eb_enc,cpu,7152.52,7152.64
3,252,eb_dec,cpu,7152.64,7152.76
3,252,h_s,dpu,7152.76,7317.05
3,252,gc,cpu,7317.06,7326.9
3,262,normalize,cpu,7327.38,7331.09
3,262,g_a_cpu,cpu,7331.09,7331.41
3,262,g_a,dpu,7331.41,7410.23
3,262,g_a,dpu,7410.23,7665.44
3,262,g_a_cpu,cpu,7665.44,7665.77
3,262,h_a,dpu,7665.77,7667.62
3,262,eb_enc,cpu,7667.62,7667.75
3,262,eb_dec,cpu,7667.75,7667.87
3,262,h_s,dpu,7667.87,7669.25
3,262,gc,cpu,7669.25,7689.28
3,278,normalize,cpu,7693.81,7697.55
3,278,g_a_cpu,cpu,7697.55,7697.88
3,278,g_a,dpu,7697.89,7835.28
3,278,g_a,dpu,7835.28,7944.23
3,278,g_a_cpu,cpu,7944.23,7944.66
3,278,h_a,dpu,7944.67,7946.33
3,278,eb_enc,cpu,7946.34,7946.63
3,278,eb_dec,cpu,7946.63,7946.76
3,278,h_s,dpu,7946.76,7962.82
3,278,gc,cpu,7962.82,7972.81
3,287,normalize,cpu,7973.36,7977
3,287,g_a_cpu,cpu,7977.01,7977.35
3,287,g_a,dpu,7977.35,8204.34
3,287,g_a,dpu,8204.34,8328.39
3,287,g_a_cpu,cpu,8328.4,8328.9
3,287,h_a,dpu,8328.9,8369.05
3,287,eb_enc,cpu,8369.05,8369.17
3,287,eb_dec,cpu,8369.18,8369.29
3,287,h_s,dpu,8369.29,8390.6
3,287,gc,cpu,8390.6,8400.27
3,301,normalize,cpu,8400.74,8406.25
3,301,g_a_cpu,cpu,8406.25,8406.57
3,301,g_a,dpu,8406.57,8513.49
3,301,g_a,dpu,8513.5,8626.16
3,301,g_a_cpu,cpu,8626.17,8626.54
3,301,h_a,dpu,8626.54,8640.77
3,301,eb_enc,cpu,8640.77,8640.9
3,301,eb_dec,cpu,8640.9,8641.01
3,301,h_s,dpu,8641.01,8656.27
3,301,gc,cpu,8656.27,8666.85
3,312,normalize,cpu,8667.46,8671.11
3,312,g_a_cpu,cpu,8671.12,8671.45
3,312,g_a,dpu,8671.45,8812.9
3,312,g_a,dpu,8812.9,8926.51
3,312,g_a_cpu,cpu,8926.51,8926.84
3,312,h_a,dpu,8926.84,8942.59
3,312,eb_enc,cpu,8942.59,8942.72
3,312,eb_dec,cpu,8942.72,8942.84
3,312,h_s,dpu,8942.84,8969.52
3,312,gc,cpu,8969.52,8979.12
3,324,normalize,cpu,8979.91,8983.57
3,324,g_a_cpu,cpu,8983.58,8983.89
3,324,g_a,dpu,8983.9,9113.5
3,324,g_a,dpu,9113.5,9260.06
3,324,g_a_cpu,cpu,9260.06,9260.61
3,324,h_a,dpu,9260.61,9262.26
3,324,eb_enc,cpu,9262.26,9262.46
3,324,eb_dec,cpu,9262.46,9262.6
3,324,h_s,dpu,9262.6,9263.85
3,324,gc,cpu,9263.85,9274.08
3,336,normalize,cpu,9274.54,9278.23
3,336,g_a_cpu,cpu,9278.24,9278.56
3,336,g_a,dpu,9278.56,9481.76
3,336,g_a,dpu,9481.76,9518.08
3,336,g_a_cpu,cpu,9518.09,9518.57
3,336,h_a,dpu,9518.58,9520.27
3,336,eb_enc,cpu,9520.27,9520.41
3,336,eb_dec,cpu,9520.41,9520.53
3,336,h_s,dpu,9520.53,9521.86
3,336,gc,cpu,9521.86,9532.13
3,343,normalize,cpu,9532.66,9536.38
3,343,g_a_cpu,cpu,9536.38,9536.71
3,343,g_a,dpu,9536.71,9671.72
3,343,g_a,dpu,9671.72,9818.34
3,343,g_a_cpu,cpu,9818.34,9818.72
3,343,h_a,dpu,9818.72,9833.91
3,343,eb_enc,cpu,9833.91,9834.03
3,343,eb_dec,cpu,9834.03,9834.15
3,343,h_s,dpu,9834.15,9854.95
3,343,gc,cpu,9854.95,9865.17
3,355,normalize,cpu,9865.8,9869.45
3,355,g_a_cpu,cpu,9869.46,9869.79
3,355,g_a,dpu,9869.79,9968.87
3,355,g_a,dpu,9968.87,10114.3
3,355,g_a_cpu,cpu,10114.3,10114.7
3,355,h_a,dpu,10114.8,10116.8
3,355,eb_enc,cpu,10116.8,10116.9
3,355,eb_dec,cpu,10116.9,10117
3,355,h_s,dpu,10117,10126.5
3,355,gc,cpu,10126.5,10136.8
3,366,normalize,cpu,10137.4,10141.1
3,366,g_a_cpu,cpu,10141.1,10141.5
3,366,g_a,dpu,10141.5,10272.3
3,366,g_a,dpu,10272.3,10382
3,366,g_a_cpu,cpu,10382,10382.3
3,366,h_a,dpu,10382.3,10384.3
3,366,eb_enc,cpu,10384.3,10384.4
3,366,eb_dec,cpu,10384.4,10384.5
3,366,h_s,dpu,10384.5,10404.6
3,366,gc,cpu,10404.6,10414.4
3,376,normalize,cpu,10415,10418.7
3,376,g_a_cpu,cpu,10418.7,10419
3,376,g_a,dpu,10419,10655.2
3,376,g_a,dpu,10655.2,10802.7
3,376,g_a_cpu,cpu,10802.7,10803.2
3,376,h_a,dpu,10803.2,10818.9
3,376,eb_enc,cpu,10818.9,10819
3,376,eb_dec,cpu,10819,10819.2
3,376,h_s,dpu,10819.2,10839.7
3,376,gc,cpu,10839.7,10849.5
3,390,normalize,cpu,10849.9,10853.6
3,390,g_a_cpu,cpu,10853.6,10854
3,390,g_a,dpu,10854,10964.2
3,390,g_a,dpu,10964.2,11109.2
3,390,g_a_cpu,cpu,11109.2,11109.5
3,390,h_a,dpu,11109.5,11127.5
3,390,eb_enc,cpu,11127.5,11127.7
3,390,eb_dec,cpu,11127.7,11127.8
3,390,h_s,dpu,11127.8,11148.7
3,390,gc,cpu,11148.7,11158.5
3,402,normalize,cpu,11159,11162.6
3,402,g_a_cpu,cpu,11162.6,11163
3,402,g_a,dpu,11163,11268.4
3,402,g_a,dpu,11268.4,11412.6
3,402,g_a_cpu,cpu,11412.6,11412.9
3,402,h_a,dpu,11412.9,11414.6
3,402,eb_enc,cpu,11414.6,11414.7
3,402,eb_dec,cpu,11414.7,11414.8
3,402,h_s,dpu,11414.8,11416.4
3,402,gc,cpu,11416.4,11426.3
3,412,normalize,cpu,11426.8,11430.5
3,412,g_a_cpu,cpu,11430.5,11431.1
3,412,g_a,dpu,11431.1,11563.7
3,412,g_a,dpu,11563.7,11710
3,412,g_a_cpu,cpu,11710,11710.3
3,412,h_a,dpu,11710.3,11730.9
3,412,eb_enc,cpu,11730.9,11731
3,412,eb_dec,cpu,11731,11731.1
3,412,h_s,dpu,11731.1,11765.3
3,412,gc,cpu,11765.3,11775.4
3,425,normalize,cpu,11775.9,11779.6
3,425,g_a_cpu,cpu,11779.6,11779.9
3,425,g_a,dpu,11779.9,11863.7
3,425,g_a,dpu,11863.7,12009.1
3,425,g_a_cpu,cpu,12009.1,12009.5
3,425,h_a,dpu,12009.5,12026.5
3,425,eb_enc,cpu,12026.5,12026.6
3,425,eb_dec,cpu,12026.6,12026.7
3,425,h_s,dpu,12026.7,12072.7
3,425,gc,cpu,12072.7,12082.6
3,436,normalize,cpu,12083.1,12086.8
3,436,g_a_cpu,cpu,12086.8,12087.1
3,436,g_a,dpu,12087.1,12195.3
3,436,g_a,dpu,12195.3,12344.1
3,436,g_a_cpu,cpu,12344.1,12344.5
3,436,h_a,dpu,12344.5,12396.8
3,436,eb_enc,cpu,12396.8,12396.9
3,436,eb_dec,cpu,12396.9,12397.1
3,436,h_s,dpu,12397.1,12417.4
3,436,gc,cpu,12417.4,12427.5
3,448,normalize,cpu,12428,12431.7
3,448,g_a_cpu,cpu,12431.7,12432.1
3,448,g_a,dpu,12432.1,12496.3
3,448,g_a,dpu,12496.3,12532.6
3,448,g_a_cpu,cpu,12532.6,12533
3,448,h_a,dpu,12533,12585.3
3,448,eb_enc,cpu,12585.3,12585.5
3,448,eb_dec,cpu,12585.5,12585.6
3,448,h_s,dpu,12585.6,12650.4
3,448,gc,cpu,12650.4,12660.3
3,457,normalize,cpu,12660.7,12664.4
3,457,g_a_cpu,cpu,12664.4,12664.9
3,457,g_a,dpu,12664.9,12755.9
3,457,g_a,dpu,12756,12865
3,457,g_a_cpu,cpu,12865,12865.4
3,457,h_a,dpu,12865.4,12882.4
3,457,eb_enc,cpu,12882.4,12882.6
3,457,eb_dec,cpu,12882.6,12882.7
3,457,h_s,dpu,12882.7,12896.2
3,457,gc,cpu,12896.2,12906.2
3,467,normalize,cpu,12906.6,12910.3
3,467,g_a_cpu,cpu,12910.3,12910.6
3,467,g_a,dpu,12910.6,13028.3
3,467,g_a,dpu,13028.3,13174.6
3,467,g_a_cpu,cpu,13174.6,13175.1
3,467,h_a,dpu,13175.1,13178.5
3,467,eb_enc,cpu,13178.5,13178.7
3,467,eb_dec,cpu,13178.7,13178.8
3,467,h_s,dpu,13178.8,13193.3
3,467,gc,cpu,13193.3,13202.9
3,477,normalize,cpu,13203.4,13207.1
3,477,g_a_cpu,cpu,13207.1,13207.4
3,477,g_a,dpu,13207.4,13328.3
3,477,g_a,dpu,13328.3,13477.1
3,477,g_a_cpu,cpu,13477.1,13477.5
3,477,h_a,dpu,13477.5,13486.2
3,477,eb_enc,cpu,13486.2,13486.3
3,477,eb_dec,cpu,13486.3,13486.4
3,477,h_s,dpu,13486.4,13489.2
3,477,gc,cpu,13489.2,13498.9
3,487,normalize,cpu,13499.4,13503.1
3,487,g_a_cpu,cpu,13503.1,13503.5
3,487,g_a,dpu,13503.5,13631.1
3,487,g_a,dpu,13631.1,13667.5
3,487,g_a_cpu,cpu,13667.5,13667.8
3,487,h_a,dpu,13667.8,13717.1
3,487,eb_enc,cpu,13717.1,13717.2
3,487,eb_dec,cpu,13717.2,13717.4
3,487,h_s,dpu,13717.4,13735.8
3,487,gc,cpu,13735.8,13746.2
3,496,normalize,cpu,13746.7,13750.4
3,496,g_a_cpu,cpu,13750.4,13750.6
3,496,g_a,dpu,13750.6,13854.1
3,496,g_a,dpu,13854.1,13964.5
3,496,g_a_cpu,cpu,13964.5,13964.9
3,496,h_a,dpu,13964.9,13977.9
3,496,eb_enc,cpu,13977.9,13978
3,496,eb_dec,cpu,13978,13978.1
3,496,h_s,dpu,13978.1,13996.3
3,496,gc,cpu,13996.3,14007.1
3,506,normalize,cpu,14007.6,14011.3
3,506,g_a_cpu,cpu,14011.3,14011.6
3,506,g_a,dpu,14011.6,14116.6
3,506,g_a,dpu,14116.6,14264.4
3,506,g_a_cpu,cpu,14264.4,14264.9
3,506,h_a,dpu,14264.9,14277
3,506,eb_enc,cpu,14277,14277.1
3,506,eb_dec,cpu,14277.1,14277.3
3,506,h_s,dpu,14277.3,14281.7
3,506,gc,cpu,14281.7,14291.8
3,517,normalize,cpu,14292.3,14295.9
3,517,g_a_cpu,cpu,14295.9,14296.2
3,517,g_a,dpu,14296.2,14416.2
3,517,g_a,dpu,14416.2,14561
3,517,g_a_cpu,cpu,14561,14561.5
3,517,h_a,dpu,14561.5,14563.1
3,517,eb_enc,cpu,14563.1,14563.3
3,517,eb_dec,cpu,14563.3,14563.4
3,517,h_s,dpu,14563.4,14564.8
3,517,gc,cpu,14564.8,14574.7
3,527,normalize,cpu,14575.1,14578.8
3,527,g_a_cpu,cpu,14578.8,14579.2
3,527,g_a,dpu,14579.2,14746.6
3,527,g_a,dpu,14746.6,14856.2
3,527,g_a_cpu,cpu,14856.2,14856.7
3,527,h_a,dpu,14856.7,14858.6
3,527,eb_enc,cpu,14858.6,14858.8
3,527,eb_dec,cpu,14858.8,14858.9
3,527,h_s,dpu,14858.9,14893.8
3,527,gc,cpu,14893.8,14903.4
3,539,normalize,cpu,14903.9,14907.5
3,539,g_a_cpu,cpu,14907.5,14907.9
3,539,g_a,dpu,14907.9,15053.2
3,539,g_a,dpu,15053.2,15201.5
3,539,g_a_cpu,cpu,15201.5,15202
3,539,h_a,dpu,15202,15218
3,539,eb_enc,cpu,15218,15218.2
3,539,eb_dec,cpu,15218.2,15218.3
3,539,h_s,dpu,15218.3,15220
3,539,gc,cpu,15220,15230
3,553,normalize,cpu,15230.6,15234.2
3,553,g_a_cpu,cpu,15234.3,15234.8
3,553,g_a,dpu,15234.8,15350.3
3,553,g_a,dpu,15350.3,15497.1
3,553,g_a_cpu,cpu,15497.1,15497.5
3,553,h_a,dpu,15497.5,15514.8
3,553,eb_enc,cpu,15514.8,15515
3,553,eb_dec,cpu,15515,15515.1
3,553,h_s,dpu,15515.1,15532.9
3,553,gc,cpu,15532.9,15543.4
3,565,normalize,cpu,15543.8,15547.5
3,565,g_a_cpu,cpu,15547.5,15547.8
3,565,g_a,dpu,15547.8,15684.9
3,565,g_a,dpu,15684.9,15799.3
3,565,g_a_cpu,cpu,15799.3,15799.8
3,565,h_a,dpu,15799.8,15816.2
3,565,eb_enc,cpu,15816.2,15816.4
3,565,eb_dec,cpu,15816.4,15816.5
3,565,h_s,dpu,15816.5,15845.9
3,565,gc,cpu,15845.9,15856.2
3,577,normalize,cpu,15856.9,15860.5
3,577,g_a_cpu,cpu,15860.5,15860.8
3,577,g_a,dpu,15860.8,15985.2
3,577,g_a,dpu,15985.2,16097.1
3,577,g_a_cpu,cpu,16097.1,16097.8
3,577,h_a,dpu,16097.8,16189.4
3,577,eb_enc,cpu,16189.4,16189.5
3,577,eb_dec,cpu,16189.5,16189.7
3,577,h_s,dpu,16189.7,16269.9
3,577,gc,cpu,16269.9,16279.6
3,588,normalize,cpu,16280,16283.7
3,588,g_a_cpu,cpu,16283.7,16284
3,588,g_a,dpu,16284,16361.9
3,588,g_a,dpu,16361.9,16471.6
3,588,g_a_cpu,cpu,16471.6,16472
3,588,h_a,dpu,16472,16521.9
3,588,eb_enc,cpu,16521.9,16522.1
3,588,eb_dec,cpu,16522.1,16522.2
3,588,h_s,dpu,16522.2,16544.8
3,588,gc,cpu,16544.8,16554.5
3,598,normalize,cpu,16555,16559.9
3,598,g_a_cpu,cpu,16559.9,16560.4
3,598,g_a,dpu,16560.4,16666.7
3,598,g_a,dpu,16666.7,16703.1
3,598,g_a_cpu,cpu,16703.1,16703.6
3,598,h_a,dpu,16703.6,16746.3
3,598,eb_enc,cpu,16746.3,16746.4
3,598,eb_dec,cpu,16746.4,16746.5
3,598,h_s,dpu,16746.5,16803.2
3,598,gc,cpu,16803.2,16813
3,609,normalize,cpu,16813.6,16817.2
3,609,g_a_cpu,cpu,16817.2,16817.5
3,609,g_a,dpu,16817.5,16926.6
3,609,g_a,dpu,16926.6,17072.6
3,609,g_a_cpu,cpu,17072.6,17073.2
3,609,h_a,dpu,17073.2,17095.2
3,609,eb_enc,cpu,17095.2,17095.3
3,609,eb_dec,cpu,17095.3,17095.4
3,609,h_s,dpu,17095.4,17120.6
3,609,gc,cpu,17120.6,17130.6
3,622,normalize,cpu,17131,17134.7
3,622,g_a_cpu,cpu,17134.7,17134.9
3,622,g_a,dpu,17134.9,17224.8
3,622,g_a,dpu,17224.8,17333.3
3,622,g_a_cpu,cpu,17333.3,17333.7
3,622,h_a,dpu,17333.7,17350.8
3,622,eb_enc,cpu,17350.8,17350.9
3,622,eb_dec,cpu,17351,17351.1
3,622,h_s,dpu,17351.1,17362.9
3,622,gc,cpu,17362.9,17373
3,631,normalize,cpu,17373.5,17377.1
3,631,g_a_cpu,cpu,17377.1,17377.4
3,631,g_a,dpu,17377.4,17525.1
3,631,g_a,dpu,17525.1,17634.7
3,631,g_a_cpu,cpu,17634.7,17635.2
3,631,h_a,dpu,17635.2,17654.8
3,631,eb_enc,cpu,17654.8,17654.9
3,631,eb_dec,cpu,17654.9,17655
3,631,h_s,dpu,17655,17685.5
3,631,gc,cpu,17685.5,17695.8
3,642,normalize,cpu,17696.5,17700.1
3,642,g_a_cpu,cpu,17700.1,17700.4
3,642,g_a,dpu,17700.4,17819.8
3,642,g_a,dpu,17819.8,17965.9
3,642,g_a_cpu,cpu,17965.9,17966.3
3,642,h_a,dpu,17966.3,17984.3
3,642,eb_enc,cpu,17984.3,17984.4
3,642,eb_dec,cpu,17984.4,17984.5
3,642,h_s,dpu,17984.5,18037.3
3,642,gc,cpu,18037.3,18047.8
3,653,normalize,cpu,18048.4,18052
3,653,g_a_cpu,cpu,18052.1,18052.6
3,653,g_a,dpu,18052.6,18124.3
3,653,g_a,dpu,18124.3,18234.3
3,653,g_a_cpu,cpu,18234.3,18234.8
3,653,h_a,dpu,18234.8,18239.4
3,653,eb_enc,cpu,18239.4,18239.5
3,653,eb_dec,cpu,18239.5,18239.6
3,653,h_s,dpu,18239.6,18272.7
3,653,gc,cpu,18272.7,18282.7
3,663,normalize,cpu,18283.2,18286.9
3,663,g_a_cpu,cpu,18286.9,18287.3
3,663,g_a,dpu,18287.3,18419.3
3,663,g_a,dpu,18419.3,18529
3,663,g_a_cpu,cpu,18529,18529.4
3,663,h_a,dpu,18529.4,18585.6
3,663,eb_enc,cpu,18585.6,18585.7
3,663,eb_dec,cpu,18585.7,18585.8
3,663,h_s,dpu,18585.8,18592
3,663,gc,cpu,18592,18602.2
3,675,normalize,cpu,18602.7,18606.4
3,675,g_a_cpu,cpu,18606.4,18607.1
3,675,g_a,dpu,18607.1,18717.3
3,675,g_a,dpu,18717.3,18827.4
3,675,g_a_cpu,cpu,18827.4,18827.9
3,675,h_a,dpu,18827.9,18853.5
3,675,eb_enc,cpu,18853.5,18853.7
3,675,eb_dec,cpu,18853.7,18853.8
3,675,h_s,dpu,18853.8,18877.8
3,675,gc,cpu,18877.8,18887.5
3,685,normalize,cpu,18887.9,18891.7
3,685,g_a_cpu,cpu,18891.7,18892
3,685,g_a,dpu,18892,19027
3,685,g_a,dpu,19027,19063.3
3,685,g_a_cpu,cpu,19063.3,19063.7
3,685,h_a,dpu,19063.7,19070.9
3,685,eb_enc,cpu,19070.9,19071
3,685,eb_dec,cpu,19071,19071.1
3,685,h_s,dpu,19071.1,19078.6
3,685,gc,cpu,19078.6,19088.3
3,693,normalize,cpu,19088.8,19092.5
3,693,g_a_cpu,cpu,19092.5,19092.7
3,693,g_a,dpu,19092.7,19214.7
3,693,g_a,dpu,19214.7,19361
3,693,g_a_cpu,cpu,19361,19361.4
3,693,h_a,dpu,19361.4,19378.7
3,693,eb_enc,cpu,19378.7,19378.8
3,693,eb_dec,cpu,19378.8,19378.9
3,693,h_s,dpu,19378.9,19412.5
3,693,gc,cpu,19412.5,19422.6
3,706,normalize,cpu,19423.1,19426.8
3,706,g_a_cpu,cpu,19426.8,19427.1
3,706,g_a,dpu,19427.1,19516.1
3,706,g_a,dpu,19516.1,19660.8
3,706,g_a_cpu,cpu,19660.8,19661.2
3,706,h_a,dpu,19661.2,19662.8
3,706,eb_enc,cpu,19662.8,19662.9
3,706,eb_dec,cpu,19662.9,19663.1
3,706,h_s,dpu,19663.1,19688.6
3,706,gc,cpu,19688.6,19698.3
3,714,normalize,cpu,19699.2,19703.1
3,714,g_a_cpu,cpu,19703.1,19703.4
3,714,g_a,dpu,19703.4,19823
3,714,g_a,dpu,19823,19967.9
3,714,g_a_cpu,cpu,19967.9,19968.3
3,714,h_a,dpu,19968.3,19969.9
3,714,eb_enc,cpu,19969.9,19970.1
3,714,eb_dec,cpu,19970.1,19970.2
3,714,h_s,dpu,19970.2,19989.7
3,714,gc,cpu,19989.7,19999.3
3,725,normalize,cpu,19999.7,20003.4
3,725,g_a_cpu,cpu,20003.5,20003.6
3,725,g_a,dpu,20003.6,20122.1
3,725,g_a,dpu,20122.1,20158.4
3,725,g_a_cpu,cpu,20158.4,20158.7
3,725,h_a,dpu,20158.7,20242
3,725,eb_enc,cpu,20242,20242.1
3,725,eb_dec,cpu,20242.1,20242.2
3,725,h_s,dpu,20242.2,20259.9
3,725,gc,cpu,20259.9,20272.5
3,733,normalize,cpu,20279.7,20283.4
3,733,g_a_cpu,cpu,20283.4,20283.8
3,733,g_a,dpu,20283.8,20384.1
3,733,g_a,dpu,20384.1,20492.8
3,733,g_a_cpu,cpu,20492.8,20493.3
3,733,h_a,dpu,20493.3,20508.9
3,733,eb_enc,cpu,20508.9,20509
3,733,eb_dec,cpu,20509,20509.1
3,733,h_s,dpu,20509.1,20512.1
3,733,gc,cpu,20512.1,20521.9
3,744,normalize,cpu,20522.4,20526.1
3,744,g_a_cpu,cpu,20526.1,20526.5
3,744,g_a,dpu,20526.5,20656.2
3,744,g_a,dpu,20656.2,20765
3,744,g_a_cpu,cpu,20765,20765.6
3,744,h_a,dpu,20765.6,20804.3
3,744,eb_enc,cpu,20804.3,20804.5
3,744,eb_dec,cpu,20804.5,20804.6
3,744,h_s,dpu,20804.6,20806.6
3,744,gc,cpu,20806.6,20823.1
3,756,normalize,cpu,20823.9,20827.5
3,756,g_a_cpu,cpu,20827.6,20828.2
3,756,g_a,dpu,20828.2,20963.4
3,756,g_a,dpu,20963.4,21071.8
3,756,g_a_cpu,cpu,21071.9,21072.3
3,756,h_a,dpu,21072.3,21074
3,756,eb_enc,cpu,21074,21074.2
3,756,eb_dec,cpu,21074.2,21074.3
3,756,h_s,dpu,21074.3,21075.8
3,756,gc,cpu,21075.8,21086.1
3,764,normalize,cpu,21086.7,21090.5
3,764,g_a_cpu,cpu,21090.5,21091
3,764,g_a,dpu,21091,21233.4
3,764,g_a,dpu,21233.4,21377.7
3,764,g_a_cpu,cpu,21377.7,21378.1
3,764,h_a,dpu,21378.1,21379.9
3,764,eb_enc,cpu,21379.9,21380
3,764,eb_dec,cpu,21380,21380.1
3,764,h_s,dpu,21380.1,21381.5
3,764,gc,cpu,21381.5,21391.4
3,773,normalize,cpu,21392,21406.9
3,773,g_a_cpu,cpu,21406.9,21407.3
3,773,g_a,dpu,21407.3,21548.3
3,773,g_a,dpu,21548.3,21693.2
3,773,g_a_cpu,cpu,21693.2,21693.5
3,773,h_a,dpu,21693.5,21695.4
3,773,eb_enc,cpu,21695.4,21695.5
3,773,eb_dec,cpu,21695.5,21695.6
3,773,h_s,dpu,21695.6,21714.6
3,773,gc,cpu,21714.6,21724.5
3,789,normalize,cpu,21725,21728.6
3,789,g_a_cpu,cpu,21728.6,21729
3,789,g_a,dpu,21729,21852.7
3,789,g_a,dpu,21852.7,21997.4
3,789,g_a_cpu,cpu,21997.4,21997.9
3,789,h_a,dpu,21997.9,21999.8
3,789,eb_enc,cpu,21999.8,21999.9
3,789,eb_dec,cpu,21999.9,22000.1
3,789,h_s,dpu,22000.1,22016.5
3,789,gc,cpu,22016.5,22026.8
3,799,normalize,cpu,22027.3,22031
3,799,g_a_cpu,cpu,22031,22031.2
3,799,g_a,dpu,22031.2,22151.9
3,799,g_a,dpu,22151.9,22296.5
3,799,g_a_cpu,cpu,22296.5,22297
3,799,h_a,dpu,22297,22298.8
3,799,eb_enc,cpu,22298.8,22299
3,799,eb_dec,cpu,22299,22299.1
3,799,h_s,dpu,22299.1,22326.7
3,799,gc,cpu,22326.8,22336.4
3,809,normalize,cpu,22336.9,22340.5
3,809,g_a_cpu,cpu,22340.5,22340.9
3,809,g_a,dpu,22340.9,22451.3
3,809,g_a,dpu,22451.3,22560.3
3,809,g_a_cpu,cpu,22560.3,22560.8
3,809,h_a,dpu,22560.8,22562.7
3,809,eb_enc,cpu,22562.7,22562.9
3,809,eb_dec,cpu,22562.9,22563
3,809,h_s,dpu,22563,22630.6
3,809,gc,cpu,22630.6,22641.1
3,816,normalize,cpu,22641.7,22645.3
3,816,g_a_cpu,cpu,22645.3,22645.8
3,816,g_a,dpu,22645.8,22751.8
3,816,g_a,dpu,22751.8,22863.6
3,816,g_a_cpu,cpu,22863.6,22863.9
3,816,h_a,dpu,22863.9,22878.9
3,816,eb_enc,cpu,22878.9,22879
3,816,eb_dec,cpu,22879,22879.2
3,816,h_s,dpu,22879.2,22952.6
3,816,gc,cpu,22952.6,22962.4
3,828,normalize,cpu,22962.9,22966.7
3,828,g_a_cpu,cpu,22966.7,22967
3,828,g_a,dpu,22967,23047.8
3,828,g_a,dpu,23047.8,23160.2
3,828,g_a_cpu,cpu,23160.2,23160.7
3,828,h_a,dpu,23160.7,23177
3,828,eb_enc,cpu,23177,23177.2
3,828,eb_dec,cpu,23177.2,23177.3
3,828,h_s,dpu,23177.3,23251.9
3,828,gc,cpu,23251.9,23261.6
3,839,normalize,cpu,23262,23265.7
3,839,g_a_cpu,cpu,23265.7,23266
3,839,g_a,dpu,23266,23383.1
3,839,g_a,dpu,23383.1,23419.5
3,839,g_a_cpu,cpu,23419.5,23419.9
3,839,h_a,dpu,23419.9,23436.4
3,839,eb_enc,cpu,23436.4,23436.5
3,839,eb_dec,cpu,23436.5,23436.6
3,839,h_s,dpu,23436.6,23490.7
3,839,gc,cpu,23490.7,23503.9
3,848,normalize,cpu,23504.5,23508.1
3,848,g_a_cpu,cpu,23508.1,23508.5
3,848,g_a,dpu,23508.5,23644.3
3,848,g_a,dpu,23644.3,23754.7
3,848,g_a_cpu,cpu,23754.7,23755.2
3,848,h_a,dpu,23755.2,23810.7
3,848,eb_enc,cpu,23810.7,23810.8
3,848,eb_dec,cpu,23810.8,23811
3,848,h_s,dpu,23811,23817.4
3,848,gc,cpu,23817.4,23827.7
3,861,normalize,cpu,23828.2,23832
3,861,g_a_cpu,cpu,23832,23832.3
3,861,g_a,dpu,23832.3,23944
3,861,g_a,dpu,23944,24051.1
3,861,g_a_cpu,cpu,24051.1,24051.5
3,861,h_a,dpu,24051.6,24105.3
3,861,eb_enc,cpu,24105.3,24105.4
3,861,eb_dec,cpu,24105.4,24105.6
3,861,h_s,dpu,24105.6,24118.6
3,861,gc,cpu,24118.6,24129.5
3,871,normalize,cpu,24130.2,24133.8
3,871,g_a_cpu,cpu,24133.8,24134.3
3,871,g_a,dpu,24134.3,24236.7
3,871,g_a,dpu,24236.7,24347.7
3,871,g_a_cpu,cpu,24347.7,24348.1
3,871,h_a,dpu,24348.1,24367.5
3,871,eb_enc,cpu,24367.5,24367.6
3,871,eb_dec,cpu,24367.6,24367.7
3,871,h_s,dpu,24367.7,24397.1
3,871,gc,cpu,24397.1,24406.9
3,884,normalize,cpu,24407.3,24411
3,884,g_a_cpu,cpu,24411,24411.3
3,884,g_a,dpu,24411.3,24500.3
3,884,g_a,dpu,24500.3,24644.1
3,884,g_a_cpu,cpu,24644.1,24644.6
3,884,h_a,dpu,24644.6,24646.6
3,884,eb_enc,cpu,24646.6,24646.7
3,884,eb_dec,cpu,24646.7,24646.9
3,884,h_s,dpu,24646.9,24648.3
3,884,gc,cpu,24648.3,24658.1
3,893,normalize,cpu,24658.6,24662.3
3,893,g_a_cpu,cpu,24662.3,24662.8
3,893,g_a,dpu,24662.8,24795.7
3,893,g_a,dpu,24795.7,24904.5
3,893,g_a_cpu,cpu,24904.5,24905
3,893,h_a,dpu,24905.1,24921
3,893,eb_enc,cpu,24921,24921.2
3,893,eb_dec,cpu,24921.2,24921.3
3,893,h_s,dpu,24921.3,24922.5
3,893,gc,cpu,24922.5,24932.6
3,902,normalize,cpu,24933,24936.7
3,902,g_a_cpu,cpu,24936.7,24937.1
3,902,g_a,dpu,24937.1,25053.4
3,902,g_a,dpu,25053.4,25163.8
3,902,g_a_cpu,cpu,25163.8,25164.3
3,902,h_a,dpu,25164.3,25182.4
3,902,eb_enc,cpu,25182.4,25182.6
3,902,eb_dec,cpu,25182.6,25182.7
3,902,h_s,dpu,25182.7,25189.5
3,902,gc,cpu,25189.5,25199.7
3,912,normalize,cpu,25200.5,25204.1
3,912,g_a_cpu,cpu,25204.1,25204.4
3,912,g_a,dpu,25204.4,25352.2
3,912,g_a,dpu,25352.2,25462.9
3,912,g_a_cpu,cpu,25462.9,25463.4
3,912,h_a,dpu,25463.4,25478.8
3,912,eb_enc,cpu,25478.8,25479
3,912,eb_dec,cpu,25479,25479.1
3,912,h_s,dpu,25479.1,25500.3
3,912,gc,cpu,25500.3,25510.4
3,926,normalize,cpu,25510.8,25514.5
3,926,g_a_cpu,cpu,25514.5,25514.8
3,926,g_a,dpu,25514.8,25612
3,926,g_a,dpu,25612,25719.9
3,926,g_a_cpu,cpu,25719.9,25720.4
3,926,h_a,dpu,25720.4,25722.3
3,926,eb_enc,cpu,25722.3,25723.4
3,926,eb_dec,cpu,25723.4,25723.5
3,926,h_s,dpu,25723.5,25734
3,926,gc,cpu,25734,25743.8
4,4,normalize,cpu,74.6802,78.436
4,4,g_a_cpu,cpu,78.498,78.9773
4,4,g_a,dpu,78.984,119.561
4,4,g_a,dpu,119.569,227.698
4,4,g_a_cpu,cpu,227.699,228.115
4,4,h_a,dpu,228.124,302.276
4,4,eb_enc,cpu,302.277,302.425
4,4,eb_dec,cpu,302.426,302.549
4,4,h_s,dpu,302.55,373.392
4,4,gc,cpu,373.397,384.803
4,15,normalize,cpu,385.374,389.038
4,15,g_a_cpu,cpu,389.044,389.458
4,15,g_a,dpu,389.461,425.975
4,15,g_a,dpu,425.978,533.801
4,15,g_a_cpu,cpu,533.802,534.353
4,15,h_a,dpu,534.356,579.9
4,15,eb_enc,cpu,579.901,580.04
4,15,eb_dec,cpu,580.042,580.155
4,15,h_s,dpu,580.155,670.618
4,15,gc,cpu,670.618,681.125
4,25,normalize,cpu,681.812,685.469
4,25,g_a_cpu,cpu,685.473,685.916
4,25,g_a,dpu,685.922,758.452
4,25,g_a,dpu,758.453,830.364
4,25,g_a_cpu,cpu,830.365,830.824
4,25,h_a,dpu,830.827,850.637
4,25,eb_enc,cpu,850.638,850.756
4,25,eb_dec,cpu,850.756,850.869
4,25,h_s,dpu,850.869,937.054
4,25,gc,cpu,937.055,947.465
4,34,normalize,cpu,948.096,951.789
4,34,g_a_cpu,cpu,951.793,952.26
4,34,g_a,dpu,952.263,988.916
4,34,g_a,dpu,988.923,1060.85
4,34,g_a_cpu,cpu,1060.85,1061.26
4,34,h_a,dpu,1061.26,1108.12
4,34,eb_enc,cpu,1108.12,1108.31
4,34,eb_dec,cpu,1108.31,1108.43
4,34,h_s,dpu,1108.43,1158.71
4,34,gc,cpu,1158.71,1168.88
4,42,normalize,cpu,1169.51,1174.39
4,42,g_a_cpu,cpu,1174.4,1175.44
4,42,g_a,dpu,1175.45,1216.45
4,42,g_a,dpu,1216.45,1288.79
4,42,g_a_cpu,cpu,1288.79,1289.17
4,42,h_a,dpu,1289.17,1355.82
4,42,eb_enc,cpu,1355.82,1355.95
4,42,eb_dec,cpu,1355.95,1356.06
4,42,h_s,dpu,1356.07,1395.9
4,42,gc,cpu,1395.9,1407.04
4,50,normalize,cpu,1407.58,1411.27
4,50,g_a_cpu,cpu,1411.27,1411.66
4,50,g_a,dpu,1411.66,1448.44
4,50,g_a,dpu,1448.44,1485.01
4,50,g_a_cpu,cpu,1485.01,1485.38
4,50,h_a,dpu,1485.38,1557.64
4,50,eb_enc,cpu,1557.64,1557.78
4,50,eb_dec,cpu,1557.78,1557.89
4,50,h_s,dpu,1557.89,1657.41
4,50,gc,cpu,1657.41,1667.26
4,60,normalize,cpu,1667.81,1671.49
4,60,g_a_cpu,cpu,1671.49,1671.86
4,60,g_a,dpu,1671.86,1708.68
4,60,g_a,dpu,1708.68,1855.34
4,60,g_a_cpu,cpu,1855.34,1855.74
4,60,h_a,dpu,1855.75,1884.69
4,60,eb_enc,cpu,1884.69,1884.81
4,60,eb_dec,cpu,1884.81,1884.93
4,60,h_s,dpu,1884.93,1958.69
4,60,gc,cpu,1958.69,1968.75
4,73,normalize,cpu,1969.36,1973.97
4,73,g_a_cpu,cpu,1973.98,1974.46
4,73,g_a,dpu,1974.46,2046.34
4,73,g_a,dpu,2046.34,2119.25
4,73,g_a_cpu,cpu,2119.26,2119.73
4,73,h_a,dpu,2119.74,2159.13
4,73,eb_enc,cpu,2159.13,2159.26
4,73,eb_dec,cpu,2159.26,2159.38
4,73,h_s,dpu,2159.38,2228.69
4,73,gc,cpu,2228.7,2244.61
4,84,normalize,cpu,2245.4,2249.12
4,84,g_a_cpu,cpu,2249.12,2249.43
4,84,g_a,dpu,2249.43,2347.95
4,84,g_a,dpu,2347.95,2459.01
4,84,g_a_cpu,cpu,2459.01,2459.46
4,84,h_a,dpu,2459.47,2514.89
4,84,eb_enc,cpu,2514.92,2515.09
4,84,eb_dec,cpu,2515.09,2515.21
4,84,h_s,dpu,2515.22,2524.34
4,84,gc,cpu,2524.34,2534.39
4,95,normalize,cpu,2534.9,2538.71
4,95,g_a_cpu,cpu,2538.71,2539.01
4,95,g_a,dpu,2539.02,2648.23
4,95,g_a,dpu,2648.23,2721.21
4,95,g_a_cpu,cpu,2721.21,2721.61
4,95,h_a,dpu,2721.61,2742.04
4,95,eb_enc,cpu,2742.04,2742.18
4,95,eb_dec,cpu,2742.18,2742.3
4,95,h_s,dpu,2742.3,2817.75
4,95,gc,cpu,2817.75,2827.55
4,106,normalize,cpu,2828.01,2831.77
4,106,g_a_cpu,cpu,2831.77,2833.21
4,106,g_a,dpu,2833.21,2940.65
4,106,g_a,dpu,2940.65,2977.06
4,106,g_a_cpu,cpu,2977.07,2977.43
4,106,h_a,dpu,2977.43,2983.37
4,106,eb_enc,cpu,2983.38,2983.49
4,106,eb_dec,cpu,2983.49,2983.6
4,106,h_s,dpu,2983.6,3084.29
4,106,gc,cpu,3084.3,3095.58
4,115,normalize,cpu,3096.08,3099.75
4,115,g_a_cpu,cpu,3099.75,3100.11
4,115,g_a,dpu,3100.12,3164.63
4,115,g_a,dpu,3164.64,3272.34
4,115,g_a_cpu,cpu,3272.34,3272.76
4,115,h_a,dpu,3272.76,3275.74
4,115,eb_enc,cpu,3275.74,3275.87
4,115,eb_dec,cpu,3275.87,3275.98
4,115,h_s,dpu,3275.98,3351.05
4,115,gc,cpu,3351.06,3361.15
4,124,normalize,cpu,3361.58,3365.37
4,124,g_a_cpu,cpu,3365.38,3365.84
4,124,g_a,dpu,3365.84,3476.12
4,124,g_a,dpu,3476.12,3549.46
4,124,g_a_cpu,cpu,3549.46,3549.84
4,124,h_a,dpu,3549.84,3593.45
4,124,eb_enc,cpu,3593.45,3593.59
4,124,eb_dec,cpu,3593.59,3593.71
4,124,h_s,dpu,3593.71,3798.29
4,124,gc,cpu,3798.3,3807.98
4,137,normalize,cpu,3808.48,3812.08
4,137,g_a_cpu,cpu,3812.09,3812.43
4,137,g_a,dpu,3812.44,3848.97
4,137,g_a,dpu,3848.97,3887.14
4,137,g_a_cpu,cpu,3887.14,3887.57
4,137,h_a,dpu,3887.58,3904.94
4,137,eb_enc,cpu,3904.94,3905.08
4,137,eb_dec,cpu,3905.08,3905.19
4,137,h_s,dpu,3905.19,3986.3
4,137,gc,cpu,3986.31,3996.15
4,146,normalize,cpu,3996.7,4000.43
4,146,g_a_cpu,cpu,4000.43,4000.74
4,146,g_a,dpu,4000.75,4107.65
4,146,g_a,dpu,4107.65,4149.75
4,146,g_a_cpu,cpu,4149.76,4150.24
4,146,h_a,dpu,4150.25,4162.46
4,146,eb_enc,cpu,4162.47,4162.59
4,146,eb_dec,cpu,4162.59,4162.7
4,146,h_s,dpu,4162.7,4245.34
4,146,gc,cpu,4245.34,4255.65
4,157,normalize,cpu,4256.41,4260.02
4,157,g_a_cpu,cpu,4260.02,4261.34
4,157,g_a,dpu,4261.35,4333.11
4,157,g_a,dpu,4333.11,4406.99
4,157,g_a_cpu,cpu,4406.99,4407.36
4,157,h_a,dpu,4407.37,4443.93
4,157,eb_enc,cpu,4443.93,4444.05
4,157,eb_dec,cpu,4444.05,4444.16
4,157,h_s,dpu,4444.16,4546.95
4,157,gc,cpu,4546.95,4556.81
4,166,normalize,cpu,4557.42,4562.12
4,166,g_a_cpu,cpu,4562.13,4562.58
4,166,g_a,dpu,4562.59,4670.96
4,166,g_a,dpu,4670.96,4717.69
4,166,g_a_cpu,cpu,4717.69,4718.18
4,166,h_a,dpu,4718.18,4762.59
4,166,eb_enc,cpu,4762.59,4762.72
4,166,eb_dec,cpu,4762.72,4762.84
4,166,h_s,dpu,4762.84,4916.81
4,166,gc,cpu,4916.82,4927.26
4,178,normalize,cpu,4927.76,4931.52
4,178,g_a_cpu,cpu,4931.53,4931.91
4,178,g_a,dpu,4931.92,5084.46
4,178,g_a,dpu,5084.46,5157.71
4,178,g_a_cpu,cpu,5157.71,5158.24
4,178,h_a,dpu,5158.25,5163
4,178,eb_enc,cpu,5163,5163.12
4,178,eb_dec,cpu,5163.12,5163.23
4,178,h_s,dpu,5163.23,5200.54
4,178,gc,cpu,5200.54,5210.98
4,191,normalize,cpu,5211.69,5215.35
4,191,g_a_cpu,cpu,5215.35,5215.73
4,191,g_a,dpu,5215.73,5315.49
4,191,g_a,dpu,5315.49,5387.35
4,191,g_a_cpu,cpu,5387.35,5387.83
4,191,h_a,dpu,5387.83,5400.8
4,191,eb_enc,cpu,5400.8,5400.92
4,191,eb_dec,cpu,5400.92,5401.04
4,191,h_s,dpu,5401.04,5497.4
4,191,gc,cpu,5497.4,5507.35
4,199,normalize,cpu,5507.84,5511.52
4,199,g_a_cpu,cpu,5511.52,5511.84
4,199,g_a,dpu,5511.84,5587.16
4,199,g_a,dpu,5587.16,5695.77
4,199,g_a_cpu,cpu,5695.78,5696.12
4,199,h_a,dpu,5696.12,5699.09
4,199,eb_enc,cpu,5699.09,5699.22
4,199,eb_dec,cpu,5699.22,5699.34
4,199,h_s,dpu,5699.34,5793.16
4,199,gc,cpu,5793.16,5803.58
4,211,normalize,cpu,5804.09,5807.83
4,211,g_a_cpu,cpu,5807.84,5808.16
4,211,g_a,dpu,5808.17,5914.03
4,211,g_a,dpu,5914.04,6022.63
4,211,g_a_cpu,cpu,6022.63,6023.04
4,211,h_a,dpu,6023.05,6042.76
4,211,eb_enc,cpu,6042.76,6042.88
4,211,eb_dec,cpu,6042.88,6043
4,211,h_s,dpu,6043,6094.62
4,211,gc,cpu,6094.62,6104.52
4,222,normalize,cpu,6105,6109.65
4,222,g_a_cpu,cpu,6109.65,6110.03
4,222,g_a,dpu,6110.03,6216.46
4,222,g_a,dpu,6216.46,6289.45
4,222,g_a_cpu,cpu,6289.45,6289.88
4,222,h_a,dpu,6289.89,6292.68
4,222,eb_enc,cpu,6292.68,6292.83
4,222,eb_dec,cpu,6292.83,6292.95
4,222,h_s,dpu,6292.95,6393.72
4,222,gc,cpu,6393.73,6404.07
4,233,normalize,cpu,6404.85,6408.51
4,233,g_a_cpu,cpu,6408.52,6408.96
4,233,g_a,dpu,6408.97,6513.94
4,233,g_a,dpu,6513.94,6551.36
4,233,g_a_cpu,cpu,6551.37,6551.77
4,233,h_a,dpu,6551.78,6556.33
4,233,eb_enc,cpu,6556.33,6556.46
4,233,eb_dec,cpu,6556.46,6556.58
4,233,h_s,dpu,6556.58,6653.3
4,233,gc,cpu,6653.3,6662.91
4,241,normalize,cpu,6663.39,6667.08
4,241,g_a_cpu,cpu,6667.08,6667.58
4,241,g_a,dpu,6667.58,6776.51
4,241,g_a,dpu,6776.51,6816.37
4,241,g_a_cpu,cpu,6816.37,6816.72
4,241,h_a,dpu,6816.72,6838.66
4,241,eb_enc,cpu,6838.66,6838.78
4,241,eb_dec,cpu,6838.78,6838.9
4,241,h_s,dpu,6838.9,6914.25
4,241,gc,cpu,6914.25,6924.14
4,251,normalize,cpu,6924.67,6929.16
4,251,g_a_cpu,cpu,6929.16,6929.56
4,251,g_a,dpu,6929.56,7035.04
4,251,g_a,dpu,7035.04,7110.53
4,251,g_a_cpu,cpu,7110.53,7111.03
4,251,h_a,dpu,7111.03,7130.13
4,251,eb_enc,cpu,7130.13,7130.29
4,251,eb_dec,cpu,7130.29,7130.42
4,251,h_s,dpu,7130.42,7209.64
4,251,gc,cpu,7209.64,7219.48
4,261,normalize,cpu,7220.03,7223.68
4,261,g_a_cpu,cpu,7223.69,7223.97
4,261,g_a,dpu,7223.97,7298.62
4,261,g_a,dpu,7298.62,7335.04
4,261,g_a_cpu,cpu,7335.04,7335.51
4,261,h_a,dpu,7335.51,7338.3
4,261,eb_enc,cpu,7338.3,7338.43
4,261,eb_dec,cpu,7338.43,7338.55
4,261,h_s,dpu,7338.55,7447.9
4,261,gc,cpu,7447.9,7457.69
4,271,normalize,cpu,7458.16,7461.81
4,271,g_a_cpu,cpu,7461.81,7462.14
4,271,g_a,dpu,7462.15,7556.36
4,271,g_a,dpu,7556.36,7593.81
4,271,g_a_cpu,cpu,7593.81,7594.44
4,271,h_a,dpu,7594.44,7600.81
4,271,eb_enc,cpu,7600.81,7600.93
4,271,eb_dec,cpu,7600.93,7601.05
4,271,h_s,dpu,7601.05,7686.26
4,271,gc,cpu,7686.26,7696.15
4,281,normalize,cpu,7696.64,7700.29
4,281,g_a_cpu,cpu,7700.29,7700.66
4,281,g_a,dpu,7700.66,7792.37
4,281,g_a,dpu,7792.38,7900.11
4,281,g_a_cpu,cpu,7900.11,7900.66
4,281,h_a,dpu,7900.66,7916.62
4,281,eb_enc,cpu,7916.62,7916.76
4,281,eb_dec,cpu,7916.76,7916.88
4,281,h_s,dpu,7916.88,7985.65
4,281,gc,cpu,7985.65,7995.49
4,289,normalize,cpu,7997.13,8001.58
4,289,g_a_cpu,cpu,8001.59,8002.29
4,289,g_a,dpu,8002.29,8109.65
4,289,g_a,dpu,8109.65,8184.27
4,289,g_a_cpu,cpu,8184.27,8184.7
4,289,h_a,dpu,8184.71,8201.77
4,289,eb_enc,cpu,8201.77,8201.89
4,289,eb_dec,cpu,8201.9,8202.01
4,289,h_s,dpu,8202.01,8289.31
4,289,gc,cpu,8289.31,8299.4
4,298,normalize,cpu,8299.94,8303.62
4,298,g_a_cpu,cpu,8303.62,8303.98
4,298,g_a,dpu,8303.98,8368.04
4,298,g_a,dpu,8368.05,8444.76
4,298,g_a_cpu,cpu,8444.76,8445.18
4,298,h_a,dpu,8445.18,8462.91
4,298,eb_enc,cpu,8462.91,8463.05
4,298,eb_dec,cpu,8463.05,8463.16
4,298,h_s,dpu,8463.16,8553.48
4,298,gc,cpu,8553.48,8563.17
4,309,normalize,cpu,8563.67,8568.09
4,309,g_a_cpu,cpu,8568.1,8568.4
4,309,g_a,dpu,8568.4,8638.93
4,309,g_a,dpu,8638.93,8677.21
4,309,g_a_cpu,cpu,8677.22,8677.56
4,309,h_a,dpu,8677.57,8694.72
4,309,eb_enc,cpu,8694.72,8694.86
4,309,eb_dec,cpu,8694.86,8694.98
4,309,h_s,dpu,8694.98,8813.62
4,309,gc,cpu,8813.62,8823.49
4,318,normalize,cpu,8824.01,8827.68
4,318,g_a_cpu,cpu,8827.69,8828.1
4,318,g_a,dpu,8828.11,8864.6
4,318,g_a,dpu,8864.6,8901.74
4,318,g_a_cpu,cpu,8901.74,8902.11
4,318,h_a,dpu,8902.11,8931.55
4,318,eb_enc,cpu,8931.55,8931.67
4,318,eb_dec,cpu,8931.67,8931.79
4,318,h_s,dpu,8931.79,9004.21
4,318,gc,cpu,9004.22,9014.38
4,327,normalize,cpu,9014.91,9018.6
4,327,g_a_cpu,cpu,9018.6,9018.88
4,327,g_a,dpu,9018.88,9089.1
4,327,g_a,dpu,9089.1,9164.27
4,327,g_a_cpu,cpu,9164.27,9164.68
4,327,h_a,dpu,9164.69,9181.05
4,327,eb_enc,cpu,9181.05,9181.19
4,327,eb_dec,cpu,9181.19,9181.3
4,327,h_s,dpu,9181.3,9598.4
4,327,gc,cpu,9598.4,9608.06
4,345,normalize,cpu,9608.67,9612.36
4,345,g_a_cpu,cpu,9612.36,9612.67
4,345,g_a,dpu,9612.68,9681.21
4,345,g_a,dpu,9681.21,9757.06
4,345,g_a_cpu,cpu,9757.07,9757.41
4,345,h_a,dpu,9757.41,9812.88
4,345,eb_enc,cpu,9812.88,9813
4,345,eb_dec,cpu,9813,9813.12
4,345,h_s,dpu,9813.12,9859.96
4,345,gc,cpu,9859.97,9870.19
4,356,normalize,cpu,9870.73,9884.79
4,356,g_a_cpu,cpu,9884.8,9885.32
4,356,g_a,dpu,9885.33,9956.36
4,356,g_a,dpu,9956.36,10028.2
4,356,g_a_cpu,cpu,10028.2,10028.7
4,356,h_a,dpu,10028.7,10046.9
4,356,eb_enc,cpu,10046.9,10047.1
4,356,eb_dec,cpu,10047.1,10047.2
4,356,h_s,dpu,10047.2,10117.8
4,356,gc,cpu,10117.8,10127.7
4,364,normalize,cpu,10128.3,10132
4,364,g_a_cpu,cpu,10132,10132.4
4,364,g_a,dpu,10132.4,10205.6
4,364,g_a,dpu,10205.6,10314.8
4,364,g_a_cpu,cpu,10314.8,10315.3
4,364,h_a,dpu,10315.3,10319.5
4,364,eb_enc,cpu,10319.5,10319.6
4,364,eb_dec,cpu,10319.6,10319.7
4,364,h_s,dpu,10319.7,10389.5
4,364,gc,cpu,10389.5,10399.4
4,375,normalize,cpu,10399.9,10403.6
4,375,g_a_cpu,cpu,10403.6,10404
4,375,g_a,dpu,10404,10473.3
4,375,g_a,dpu,10473.3,10546.2
4,375,g_a_cpu,cpu,10546.2,10546.5
4,375,h_a,dpu,10546.5,10592.3
4,375,eb_enc,cpu,10592.3,10592.5
4,375,eb_dec,cpu,10592.5,10592.6
4,375,h_s,dpu,10592.6,10694.6
4,375,gc,cpu,10694.6,10704.5
4,385,normalize,cpu,10705.1,10712.4
4,385,g_a_cpu,cpu,10712.4,10712.8
4,385,g_a,dpu,10712.8,10780.6
4,385,g_a,dpu,10780.6,10817.7
4,385,g_a_cpu,cpu,10817.7,10818.2
4,385,h_a,dpu,10818.2,10838.6
4,385,eb_enc,cpu,10838.6,10838.7
4,385,eb_dec,cpu,10838.7,10838.9
4,385,h_s,dpu,10838.9,10925.8
4,385,gc,cpu,10925.8,10935.6
4,394,normalize,cpu,10936.3,10939.9
4,394,g_a_cpu,cpu,10939.9,10940.3
4,394,g_a,dpu,10940.3,11007.7
4,394,g_a,dpu,11007.7,11045.2
4,394,g_a_cpu,cpu,11045.2,11045.7
4,394,h_a,dpu,11045.7,11070.4
4,394,eb_enc,cpu,11070.5,11070.6
4,394,eb_dec,cpu,11070.6,11070.7
4,394,h_s,dpu,11070.7,11157.5
4,394,gc,cpu,11157.5,11167.9
4,403,normalize,cpu,11168.5,11172.1
4,403,g_a_cpu,cpu,11172.1,11172.5
4,403,g_a,dpu,11172.5,11239.8
4,403,g_a,dpu,11239.8,11276.6
4,403,g_a_cpu,cpu,11276.6,11277
4,403,h_a,dpu,11277,11349.6
4,403,eb_enc,cpu,11349.6,11349.7
4,403,eb_dec,cpu,11349.7,11349.8
4,403,h_s,dpu,11349.8,11454.2
4,403,gc,cpu,11454.2,11463.9
4,414,normalize,cpu,11464.4,11468
4,414,g_a_cpu,cpu,11468,11468.6
4,414,g_a,dpu,11468.6,11540.1
4,414,g_a,dpu,11540.1,11612.7
4,414,g_a_cpu,cpu,11612.7,11613.1
4,414,h_a,dpu,11613.1,11621.6
4,414,eb_enc,cpu,11621.6,11621.8
4,414,eb_dec,cpu,11621.8,11621.9
4,414,h_s,dpu,11621.9,11712.3
4,414,gc,cpu,11712.3,11721.9
4,422,normalize,cpu,11722.4,11726
4,422,g_a_cpu,cpu,11726,11726.3
4,422,g_a,dpu,11726.3,11768.5
4,422,g_a,dpu,11768.5,11842.6
4,422,g_a_cpu,cpu,11842.6,11843.1
4,422,h_a,dpu,11843.1,11881.8
4,422,eb_enc,cpu,11881.8,11881.9
4,422,eb_dec,cpu,11881.9,11882.1
4,422,h_s,dpu,11882.1,12009.9
4,422,gc,cpu,12009.9,12019.7
4,433,normalize,cpu,12020.3,12023.9
4,433,g_a_cpu,cpu,12023.9,12024.3
4,433,g_a,dpu,12024.3,12064.2
4,433,g_a,dpu,12064.2,12136.1
4,433,g_a_cpu,cpu,12136.1,12136.6
4,433,h_a,dpu,12136.6,12151.7
4,433,eb_enc,cpu,12151.7,12151.9
4,433,eb_dec,cpu,12151.9,12152
4,433,h_s,dpu,12152,12233.2
4,433,gc,cpu,12233.2,12242.9
4,442,normalize,cpu,12243.4,12247.1
4,442,g_a_cpu,cpu,12247.1,12247.3
4,442,g_a,dpu,12247.3,12287.6
4,442,g_a,dpu,12287.6,12359.4
4,442,g_a_cpu,cpu,12359.4,12359.9
4,442,h_a,dpu,12359.9,12379.2
4,442,eb_enc,cpu,12379.2,12379.3
4,442,eb_dec,cpu,12379.3,12379.4
4,442,h_s,dpu,12379.4,12456
4,442,gc,cpu,12456,12466.3
4,450,normalize,cpu,12466.9,12470.6
4,450,g_a_cpu,cpu,12470.6,12471
4,450,g_a,dpu,12471,12512.3
4,450,g_a,dpu,12512.3,12584.2
4,450,g_a_cpu,cpu,12584.2,12584.7
4,450,h_a,dpu,12584.7,12649.3
4,450,eb_enc,cpu,12649.3,12649.5
4,450,eb_dec,cpu,12649.5,12649.6
4,450,h_s,dpu,12649.6,12719.1
4,450,gc,cpu,12719.1,12729.2
4,461,normalize,cpu,12729.9,12733.7
4,461,g_a_cpu,cpu,12733.7,12734.3
4,461,g_a,dpu,12734.3,12772.5
4,461,g_a,dpu,12772.5,12844.4
4,461,g_a_cpu,cpu,12844.4,12844.8
4,461,h_a,dpu,12844.8,12892.9
4,461,eb_enc,cpu,12892.9,12893.1
4,461,eb_dec,cpu,12893.1,12893.2
4,461,h_s,dpu,12893.2,12978.3
4,461,gc,cpu,12978.3,12988.2
4,470,normalize,cpu,12988.8,12992.6
4,470,g_a_cpu,cpu,12992.6,12993.3
4,470,g_a,dpu,12993.3,13029.9
4,470,g_a,dpu,13029.9,13101.7
4,470,g_a_cpu,cpu,13101.7,13102.2
4,470,h_a,dpu,13102.3,13143.7
4,470,eb_enc,cpu,13143.7,13143.8
4,470,eb_dec,cpu,13143.8,13144
4,470,h_s,dpu,13144,13250.6
4,470,gc,cpu,13250.6,13260.5
4,480,normalize,cpu,13261.2,13264.9
4,480,g_a_cpu,cpu,13264.9,13265.3
4,480,g_a,dpu,13265.3,13301.8
4,480,g_a,dpu,13301.8,13373.7
4,480,g_a_cpu,cpu,13373.7,13374.2
4,480,h_a,dpu,13374.2,13385.9
4,480,eb_enc,cpu,13385.9,13386
4,480,eb_dec,cpu,13386,13386.1
4,480,h_s,dpu,13386.1,13517.5
4,480,gc,cpu,13517.5,13527.4
4,489,normalize,cpu,13528,13531.6
4,489,g_a_cpu,cpu,13531.6,13531.9
4,489,g_a,dpu,13531.9,13568.7
4,489,g_a,dpu,13568.7,13607.1
4,489,g_a_cpu,cpu,13607.1,13607.5
4,489,h_a,dpu,13607.5,13696
4,489,eb_enc,cpu,13696,13696.2
4,489,eb_dec,cpu,13696.2,13696.3
4,489,h_s,dpu,13696.3,13778.7
4,489,gc,cpu,13778.7,13789.1
4,499,normalize,cpu,13789.7,13793.5
4,499,g_a_cpu,cpu,13793.5,13794
4,499,g_a,dpu,13794,13830.5
4,499,g_a,dpu,13830.5,13903.9
4,499,g_a_cpu,cpu,13903.9,13904.4
4,499,h_a,dpu,13904.4,13992.2
4,499,eb_enc,cpu,13992.2,13992.4
4,499,eb_dec,cpu,13992.4,13992.5
4,499,h_s,dpu,13992.5,14041.5
4,499,gc,cpu,14041.5,14051.8
4,510,normalize,cpu,14052.5,14056.1
4,510,g_a_cpu,cpu,14056.1,14056.6
4,510,g_a,dpu,14056.6,14093.2
4,510,g_a,dpu,14093.2,14165.3
4,510,g_a_cpu,cpu,14165.3,14165.8
4,510,h_a,dpu,14165.8,14216.6
4,510,eb_enc,cpu,14216.6,14216.8
4,510,eb_dec,cpu,14216.8,14216.9
4,510,h_s,dpu,14216.9,14304.5
4,510,gc,cpu,14304.5,14315.1
4,518,normalize,cpu,14315.7,14319.4
4,518,g_a_cpu,cpu,14319.4,14320
4,518,g_a,dpu,14320.1,14357.2
4,518,g_a,dpu,14357.2,14429.2
4,518,g_a_cpu,cpu,14429.2,14429.6
4,518,h_a,dpu,14429.6,14518.2
4,518,eb_enc,cpu,14518.2,14518.3
4,518,eb_dec,cpu,14518.3,14518.4
4,518,h_s,dpu,14518.4,14600.8
4,518,gc,cpu,14600.8,14611.2
4,529,normalize,cpu,14611.8,14615.5
4,529,g_a_cpu,cpu,14615.5,14616.7
4,529,g_a,dpu,14616.7,14653.1
4,529,g_a,dpu,14653.1,14724.9
4,529,g_a_cpu,cpu,14724.9,14725.3
4,529,h_a,dpu,14725.3,14766.4
4,529,eb_enc,cpu,14766.4,14766.6
4,529,eb_dec,cpu,14766.6,14766.7
4,529,h_s,dpu,14766.7,14859.2
4,529,gc,cpu,14859.2,14869.2
4,537,normalize,cpu,14869.6,14873.3
4,537,g_a_cpu,cpu,14873.3,14873.6
4,537,g_a,dpu,14873.6,14910.2
4,537,g_a,dpu,14910.2,14946.8
4,537,g_a_cpu,cpu,14946.8,14947.3
4,537,h_a,dpu,14947.3,14969.3
4,537,eb_enc,cpu,14969.3,14969.4
4,537,eb_dec,cpu,14969.4,14969.5
4,537,h_s,dpu,14969.5,15054.8
4,537,gc,cpu,15054.8,15064.7
4,545,normalize,cpu,15065.1,15068.8
4,545,g_a_cpu,cpu,15068.8,15069
4,545,g_a,dpu,15069.1,15134
4,545,g_a,dpu,15134,15171.3
4,545,g_a_cpu,cpu,15171.3,15171.8
4,545,h_a,dpu,15171.8,15204
4,545,eb_enc,cpu,15204,15204.1
4,545,eb_dec,cpu,15204.1,15204.3
4,545,h_s,dpu,15204.3,15278.2
4,545,gc,cpu,15278.2,15287.8
4,555,normalize,cpu,15288.3,15291.9
4,555,g_a_cpu,cpu,15291.9,15292.3
4,555,g_a,dpu,15292.3,15333.1
4,555,g_a,dpu,15333.1,15404.9
4,555,g_a_cpu,cpu,15404.9,15405.4
4,555,h_a,dpu,15405.4,15424.1
4,555,eb_enc,cpu,15424.1,15424.4
4,555,eb_dec,cpu,15424.4,15424.5
4,555,h_s,dpu,15424.5,15501.1
4,555,gc,cpu,15501.1,15511.3
4,563,normalize,cpu,15511.8,15517.5
4,563,g_a_cpu,cpu,15517.5,15517.9
4,563,g_a,dpu,15517.9,15588.3
4,563,g_a,dpu,15588.3,15668.3
4,563,g_a_cpu,cpu,15668.3,15668.8
4,563,h_a,dpu,15668.8,15720
4,563,eb_enc,cpu,15720,15720.2
4,563,eb_dec,cpu,15720.2,15720.3
4,563,h_s,dpu,15720.3,15801.1
4,563,gc,cpu,15801.1,15810.9
4,573,normalize,cpu,15811.4,15815.2
4,573,g_a_cpu,cpu,15815.2,15815.8
4,573,g_a,dpu,15815.8,15928.3
4,573,g_a,dpu,15928.3,16004.3
4,573,g_a_cpu,cpu,16004.3,16004.7
4,573,h_a,dpu,16004.7,16035.4
4,573,eb_enc,cpu,16035.4,16035.6
4,573,eb_dec,cpu,16035.6,16035.7
4,573,h_s,dpu,16035.7,16100.9
4,573,gc,cpu,16100.9,16110.9
4,586,normalize,cpu,16111.6,16115.4
4,586,g_a_cpu,cpu,16115.4,16116
4,586,g_a,dpu,16116,16225.8
4,586,g_a,dpu,16225.8,16297.7
4,586,g_a_cpu,cpu,16297.7,16298.1
4,586,h_a,dpu,16298.1,16313.8
4,586,eb_enc,cpu,16313.8,16314
4,586,eb_dec,cpu,16314,16314.1
4,586,h_s,dpu,16314.1,16363.6
4,586,gc,cpu,16363.6,16373.4
4,596,normalize,cpu,16373.9,16377.6
4,596,g_a_cpu,cpu,16377.6,16377.9
4,596,g_a,dpu,16377.9,16485
4,596,g_a,dpu,16485,16558.4
4,596,g_a_cpu,cpu,16558.4,16558.9
4,596,h_a,dpu,16558.9,16564.3
4,596,eb_enc,cpu,16564.3,16564.5
4,596,eb_dec,cpu,16564.5,16564.6
4,596,h_s,dpu,16564.6,16777.1
4,596,gc,cpu,16777.1,16788.4
4,607,normalize,cpu,16789,16792.6
4,607,g_a_cpu,cpu,16792.6,16793
4,607,g_a,dpu,16793,16829.6
4,607,g_a,dpu,16829.6,16866.2
4,607,g_a_cpu,cpu,16866.2,16866.6
4,607,h_a,dpu,16866.6,16883.6
4,607,eb_enc,cpu,16883.6,16883.7
4,607,eb_dec,cpu,16883.7,16883.9
4,607,h_s,dpu,16883.9,16964.1
4,607,gc,cpu,16964.1,16974
4,616,normalize,cpu,16974.6,16978.3
4,616,g_a_cpu,cpu,16978.3,16978.6
4,616,g_a,dpu,16978.6,17020.3
4,616,g_a,dpu,17020.3,17094.1
4,616,g_a_cpu,cpu,17094.1,17094.5
4,616,h_a,dpu,17094.5,17113
4,616,eb_enc,cpu,17113,17113.7
4,616,eb_dec,cpu,17113.7,17113.8
4,616,h_s,dpu,17113.8,17189
4,616,gc,cpu,17189,17198.8
4,625,normalize,cpu,17199.4,17203.9
4,625,g_a_cpu,cpu,17203.9,17204.2
4,625,g_a,dpu,17204.2,17275.3
4,625,g_a,dpu,17275.3,17347.2
4,625,g_a_cpu,cpu,17347.2,17347.6
4,625,h_a,dpu,17347.6,17358.7
4,625,eb_enc,cpu,17358.7,17358.9
4,625,eb_dec,cpu,17358.9,17359
4,625,h_s,dpu,17359,17414.3
4,625,gc,cpu,17414.3,17424.2
4,633,normalize,cpu,17425.1,17429.7
4,633,g_a_cpu,cpu,17429.7,17430.1
4,633,g_a,dpu,17430.1,17500.3
4,633,g_a,dpu,17500.3,17576.7
4,633,g_a_cpu,cpu,17576.7,17577.1
4,633,h_a,dpu,17577.1,17606.9
4,633,eb_enc,cpu,17606.9,17607
4,633,eb_dec,cpu,17607,17607.1
4,633,h_s,dpu,17607.1,17745.8
4,633,gc,cpu,17745.8,17755.9
4,645,normalize,cpu,17756.5,17760.1
4,645,g_a_cpu,cpu,17760.1,17760.5
4,645,g_a,dpu,17760.5,17832.3
4,645,g_a,dpu,17832.3,17944.1
4,645,g_a_cpu,cpu,17944.1,17944.6
4,645,h_a,dpu,17944.6,17948.4
4,645,eb_enc,cpu,17948.4,17948.5
4,645,eb_dec,cpu,17948.5,17948.6
4,645,h_s,dpu,17948.6,18041
4,645,gc,cpu,18041,18051.1
4,654,normalize,cpu,18051.9,18055.8
4,654,g_a_cpu,cpu,18055.8,18056.2
4,654,g_a,dpu,18056.2,18127.4
4,654,g_a,dpu,18127.4,18200.2
4,654,g_a_cpu,cpu,18200.2,18200.6
4,654,h_a,dpu,18200.6,18229.6
4,654,eb_enc,cpu,18229.6,18229.8
4,654,eb_dec,cpu,18229.8,18229.9
4,654,h_s,dpu,18229.9,18308.5
4,654,gc,cpu,18308.5,18318.4
4,665,normalize,cpu,18319,18322.7
4,665,g_a_cpu,cpu,18322.7,18323.1
4,665,g_a,dpu,18323.1,18395.7
4,665,g_a,dpu,18395.7,18437.5
4,665,g_a_cpu,cpu,18437.5,18437.9
4,665,h_a,dpu,18437.9,18471.1
4,665,eb_enc,cpu,18471.1,18471.3
4,665,eb_dec,cpu,18471.3,18471.4
4,665,h_s,dpu,18471.4,18567.4
4,665,gc,cpu,18567.4,18577.3
4,673,normalize,cpu,18577.9,18581.6
4,673,g_a_cpu,cpu,18581.6,18581.9
4,673,g_a,dpu,18581.9,18624.4
4,673,g_a,dpu,18624.4,18660.8
4,673,g_a_cpu,cpu,18660.8,18661.2
4,673,h_a,dpu,18661.2,18683.7
4,673,eb_enc,cpu,18683.7,18683.8
4,673,eb_dec,cpu,18683.8,18683.9
4,673,h_s,dpu,18683.9,18755.3
4,673,gc,cpu,18755.3,18765.3
4,682,normalize,cpu,18765.8,18769.5
4,682,g_a_cpu,cpu,18769.5,18769.7
4,682,g_a,dpu,18769.7,18852.4
4,682,g_a,dpu,18852.4,18889.9
4,682,g_a_cpu,cpu,18889.9,18890.3
4,682,h_a,dpu,18890.3,18922.1
4,682,eb_enc,cpu,18922.2,18922.3
4,682,eb_dec,cpu,18922.3,18922.4
4,682,h_s,dpu,18922.4,19064.9
4,682,gc,cpu,19064.9,19074.8
4,692,normalize,cpu,19075.4,19079.1
4,692,g_a_cpu,cpu,19079.1,19079.4
4,692,g_a,dpu,19079.4,19115.8
4,692,g_a,dpu,19115.8,19152.4
4,692,g_a_cpu,cpu,19152.4,19152.9
4,692,h_a,dpu,19152.9,19156.4
4,692,eb_enc,cpu,19156.4,19156.5
4,692,eb_dec,cpu,19156.5,19156.7
4,692,h_s,dpu,19156.7,19251.8
4,692,gc,cpu,19251.8,19261.8
4,700,normalize,cpu,19262.3,19266.3
4,700,g_a_cpu,cpu,19266.3,19266.8
4,700,g_a,dpu,19266.8,19339.8
4,700,g_a,dpu,19339.8,19376.9
4,700,g_a_cpu,cpu,19376.9,19377.2
4,700,h_a,dpu,19377.2,19402.5
4,700,eb_enc,cpu,19402.5,19402.8
4,700,eb_dec,cpu,19402.8,19402.9
4,700,h_s,dpu,19402.9,19440.9
4,700,gc,cpu,19440.9,19450.7
4,709,normalize,cpu,19451.1,19454.9
4,709,g_a_cpu,cpu,19455,19455.5
4,709,g_a,dpu,19455.5,19525.3
4,709,g_a,dpu,19525.3,19597.1
4,709,g_a_cpu,cpu,19597.1,19597.5
4,709,h_a,dpu,19597.5,19642.2
4,709,eb_enc,cpu,19642.2,19642.3
4,709,eb_dec,cpu,19642.3,19642.4
4,709,h_s,dpu,19642.4,19704.2
4,709,gc,cpu,19704.2,19714.2
4,718,normalize,cpu,19715.4,19719.1
4,718,g_a_cpu,cpu,19719.1,19719.4
4,718,g_a,dpu,19719.4,19786.4
4,718,g_a,dpu,19786.4,19822.9
4,718,g_a_cpu,cpu,19822.9,19823.7
4,718,h_a,dpu,19823.7,19876.1
4,718,eb_enc,cpu,19876.1,19876.3
4,718,eb_dec,cpu,19876.3,19876.4
4,718,h_s,dpu,19876.4,20008.3
4,718,gc,cpu,20008.3,20022
4,728,normalize,cpu,20022.6,20026.4
4,728,g_a_cpu,cpu,20026.4,20026.8
4,728,g_a,dpu,20026.8,20096.2
4,728,g_a,dpu,20096.2,20205
4,728,g_a_cpu,cpu,20205,20205.4
4,728,h_a,dpu,20205.4,20222.5
4,728,eb_enc,cpu,20222.5,20222.6
4,728,eb_dec,cpu,20222.6,20222.7
4,728,h_s,dpu,20222.7,20273.6
4,728,gc,cpu,20273.6,20283.8
4,737,normalize,cpu,20284.4,20288
4,737,g_a_cpu,cpu,20288,20288.6
4,737,g_a,dpu,20288.6,20360.2
4,737,g_a,dpu,20360.2,20469.9
4,737,g_a_cpu,cpu,20469.9,20470.3
4,737,h_a,dpu,20470.3,20492.5
4,737,eb_enc,cpu,20492.5,20492.6
4,737,eb_dec,cpu,20492.6,20492.7
4,737,h_s,dpu,20492.7,20569.1
4,737,gc,cpu,20569.1,20579.4
4,747,normalize,cpu,20579.9,20583.8
4,747,g_a_cpu,cpu,20583.8,20584.2
4,747,g_a,dpu,20584.2,20654.4
4,747,g_a,dpu,20654.4,20762.2
4,747,g_a_cpu,cpu,20762.2,20762.8
4,747,h_a,dpu,20762.8,20765.6
4,747,eb_enc,cpu,20765.6,20765.8
4,747,eb_dec,cpu,20765.8,20766
4,747,h_s,dpu,20766,20766.9
4,747,gc,cpu,20766.9,20777
4,751,normalize,cpu,20777.6,20781.3
4,751,g_a_cpu,cpu,20781.3,20781.6
4,751,g_a,dpu,20781.6,20864.6
4,751,g_a,dpu,20864.6,20972.3
4,751,g_a_cpu,cpu,20972.3,20972.7
4,751,h_a,dpu,20972.7,21040.4
4,751,eb_enc,cpu,21040.4,21040.5
4,751,eb_dec,cpu,21040.5,21040.6
4,751,h_s,dpu,21040.6,21076.4
4,751,gc,cpu,21076.4,21086.1
4,765,normalize,cpu,21086.7,21093.6
4,765,g_a_cpu,cpu,21093.6,21094
4,765,g_a,dpu,21094,21131.8
4,765,g_a,dpu,21131.8,21239.6
4,765,g_a_cpu,cpu,21239.6,21240
4,765,h_a,dpu,21240,21313.2
4,765,eb_enc,cpu,21313.2,21313.3
4,765,eb_dec,cpu,21313.3,21313.4
4,765,h_s,dpu,21313.4,21384.5
4,765,gc,cpu,21384.5,21402.1
4,776,normalize,cpu,21402.7,21406.6
4,776,g_a_cpu,cpu,21406.6,21406.9
4,776,g_a,dpu,21406.9,21443.5
4,776,g_a,dpu,21443.6,21551.3
4,776,g_a_cpu,cpu,21551.3,21551.8
4,776,h_a,dpu,21551.8,21621.2
4,776,eb_enc,cpu,21621.2,21621.4
4,776,eb_dec,cpu,21621.4,21621.5
4,776,h_s,dpu,21621.5,21697.6
4,776,gc,cpu,21697.6,21707.8
4,786,normalize,cpu,21708.5,21717.6
4,786,g_a_cpu,cpu,21717.6,21718
4,786,g_a,dpu,21718,21860.7
4,786,g_a,dpu,21860.7,21932.5
4,786,g_a_cpu,cpu,21932.5,21932.9
4,786,h_a,dpu,21932.9,21935.6
4,786,eb_enc,cpu,21935.6,21935.7
4,786,eb_dec,cpu,21935.7,21935.9
4,786,h_s,dpu,21935.9,22005.3
4,786,gc,cpu,22005.3,22020.7
4,797,normalize,cpu,22021.4,22025
4,797,g_a_cpu,cpu,22025,22025.6
4,797,g_a,dpu,22025.6,22122.6
4,797,g_a,dpu,22122.6,22230.4
4,797,g_a_cpu,cpu,22230.4,22230.8
4,797,h_a,dpu,22230.8,22233.7
4,797,eb_enc,cpu,22233.7,22233.8
4,797,eb_dec,cpu,22233.8,22233.9
4,797,h_s,dpu,22233.9,22305.3
4,797,gc,cpu,22305.3,22315.6
4,806,normalize,cpu,22316.2,22320
4,806,g_a_cpu,cpu,22320,22320.5
4,806,g_a,dpu,22320.5,22392.4
4,806,g_a,dpu,22392.4,22501.5
4,806,g_a_cpu,cpu,22501.5,22501.8
4,806,h_a,dpu,22501.8,22504.7
4,806,eb_enc,cpu,22504.7,22504.8
4,806,eb_dec,cpu,22504.8,22504.9
4,806,h_s,dpu,22504.9,22635.6
4,806,gc,cpu,22635.6,22645.4
4,817,normalize,cpu,22646.3,22649.9
4,817,g_a_cpu,cpu,22649.9,22650.3
4,817,g_a,dpu,22650.3,22687.3
4,817,g_a,dpu,22687.3,22759.9
4,817,g_a_cpu,cpu,22759.9,22760.4
4,817,h_a,dpu,22760.4,22782.2
4,817,eb_enc,cpu,22782.2,22782.3
4,817,eb_dec,cpu,22782.3,22782.5
4,817,h_s,dpu,22782.5,22865.1
4,817,gc,cpu,22865.1,22874.7
4,826,normalize,cpu,22875.3,22879.6
4,826,g_a_cpu,cpu,22879.6,22880
4,826,g_a,dpu,22880,22952.2
4,826,g_a,dpu,22952.2,23037.5
4,826,g_a_cpu,cpu,23037.5,23038.1
4,826,h_a,dpu,23038.1,23067.7
4,826,eb_enc,cpu,23067.7,23067.8
4,826,eb_dec,cpu,23067.8,23067.9
4,826,h_s,dpu,23067.9,23162
4,826,gc,cpu,23162,23172
4,836,normalize,cpu,23172.5,23176.5
4,836,g_a_cpu,cpu,23176.5,23177.5
4,836,g_a,dpu,23177.5,23214.4
4,836,g_a,dpu,23214.4,23286.2
4,836,g_a_cpu,cpu,23286.2,23286.7
4,836,h_a,dpu,23286.7,23294.8
4,836,eb_enc,cpu,23294.8,23294.9
4,836,eb_dec,cpu,23294.9,23295
4,836,h_s,dpu,23295.1,23497.1
4,836,gc,cpu,23497.1,23507.3
4,849,normalize,cpu,23507.8,23511.6
4,849,g_a_cpu,cpu,23511.6,23511.9
4,849,g_a,dpu,23511.9,23548.4
4,849,g_a,dpu,23548.4,23588.3
4,849,g_a_cpu,cpu,23588.3,23588.8
4,849,h_a,dpu,23588.8,23605.7
4,849,eb_enc,cpu,23605.7,23605.9
4,849,eb_dec,cpu,23605.9,23606
4,849,h_s,dpu,23606,23683
4,849,gc,cpu,23683,23693.5
4,855,normalize,cpu,23694.1,23697.8
4,855,g_a_cpu,cpu,23697.8,23698.1
4,855,g_a,dpu,23698.1,23737.6
4,855,g_a,dpu,23737.6,23809.6
4,855,g_a_cpu,cpu,23809.6,23810
4,855,h_a,dpu,23810,23816.3
4,855,eb_enc,cpu,23816.3,23816.5
4,855,eb_dec,cpu,23816.5,23816.6
4,855,h_s,dpu,23816.6,23905.4
4,855,gc,cpu,23905.4,23915.6
4,865,normalize,cpu,23916.1,23919.9
4,865,g_a_cpu,cpu,23919.9,23920.3
4,865,g_a,dpu,23920.3,23991.7
4,865,g_a,dpu,23991.7,24065.4
4,865,g_a_cpu,cpu,24065.4,24065.9
4,865,h_a,dpu,24065.9,24068.9
4,865,eb_enc,cpu,24068.9,24069
4,865,eb_dec,cpu,24069,24069.1
4,865,h_s,dpu,24069.1,24126.7
4,865,gc,cpu,24126.7,24136.9
4,873,normalize,cpu,24137.4,24141.1
4,873,g_a_cpu,cpu,24141.1,24141.5
4,873,g_a,dpu,24141.5,24216.5
4,873,g_a,dpu,24216.5,24328.4
4,873,g_a_cpu,cpu,24328.4,24328.7
4,873,h_a,dpu,24328.7,24352.4
4,873,eb_enc,cpu,24352.4,24352.5
4,873,eb_dec,cpu,24352.5,24352.6
4,873,h_s,dpu,24352.6,24423.8
4,873,gc,cpu,24423.8,24433.5
4,885,normalize,cpu,24434,24437.8
4,885,g_a_cpu,cpu,24437.8,24438.7
4,885,g_a,dpu,24438.7,24511.6
4,885,g_a,dpu,24511.6,24588.3
4,885,g_a_cpu,cpu,24588.3,24588.8
4,885,h_a,dpu,24588.8,24626.7
4,885,eb_enc,cpu,24626.7,24626.8
4,885,eb_dec,cpu,24626.8,24626.9
4,885,h_s,dpu,24626.9,24686
4,885,gc,cpu,24686,24696
4,895,normalize,cpu,24696.5,24700.9
4,895,g_a_cpu,cpu,24700.9,24701.4
4,895,g_a,dpu,24701.4,24774
4,895,g_a,dpu,24774,24847.4
4,895,g_a_cpu,cpu,24847.4,24847.8
4,895,h_a,dpu,24847.8,24894.6
4,895,eb_enc,cpu,24894.6,24894.7
4,895,eb_dec,cpu,24894.7,24894.8
4,895,h_s,dpu,24894.8,24980.4
4,895,gc,cpu,24980.4,24990.4
4,905,normalize,cpu,24991,24994.6
4,905,g_a_cpu,cpu,24994.7,24995
4,905,g_a,dpu,24995,25031.5
4,905,g_a,dpu,25031.5,25103.5
4,905,g_a_cpu,cpu,25103.5,25104
4,905,h_a,dpu,25104,25165.8
4,905,eb_enc,cpu,25165.8,25165.9
4,905,eb_dec,cpu,25165.9,25166.1
4,905,h_s,dpu,25166.1,25239.7
4,905,gc,cpu,25239.7,25250
4,914,normalize,cpu,25250.5,25254.2
4,914,g_a_cpu,cpu,25254.2,25254.6
4,914,g_a,dpu,25254.6,25291.1
4,914,g_a,dpu,25291.1,25363
4,914,g_a_cpu,cpu,25363,25363.7
4,914,h_a,dpu,25363.7,25417.4
4,914,eb_enc,cpu,25417.4,25417.5
4,914,eb_dec,cpu,25417.5,25417.6
4,914,h_s,dpu,25417.6,25465.6
4,914,gc,cpu,25465.6,25475.9
4,922,normalize,cpu,25476.4,25480.7
4,922,g_a_cpu,cpu,25480.7,25481.2
4,922,g_a,dpu,25481.2,25517.8
4,922,g_a,dpu,25517.8,25590.8
4,922,g_a_cpu,cpu,25590.8,25591.3
4,922,h_a,dpu,25591.3,25655
4,922,eb_enc,cpu,25655,25655.1
4,922,eb_dec,cpu,25655.1,25655.2
4,922,h_s,dpu,25655.2,25722.5
4,922,gc,cpu,25722.5,25733
5,3,normalize,cpu,73.6085,77.36
5,3,g_a_cpu,cpu,77.5163,77.8324
5,3,g_a,dpu,77.84,115.682
5,3,g_a,dpu,115.688,226.463
5,3,g_a_cpu,cpu,226.465,227.076
5,3,h_a,dpu,227.082,334.82
5,3,eb_enc,cpu,334.821,334.974
5,3,eb_dec,cpu,334.975,335.098
5,3,h_s,dpu,335.098,337.184
5,3,gc,cpu,337.189,349.256
5,12,normalize,cpu,349.819,353.503
5,12,g_a_cpu,cpu,353.506,353.827
5,12,g_a,dpu,353.831,391.329
5,12,g_a,dpu,391.33,468.634
5,12,g_a_cpu,cpu,468.635,469.065
5,12,h_a,dpu,469.067,594.936
5,12,eb_enc,cpu,594.936,595.086
5,12,eb_dec,cpu,595.088,595.208
5,12,h_s,dpu,595.208,608.615
5,12,gc,cpu,608.616,618.423
5,20,normalize,cpu,619.011,622.81
5,20,g_a_cpu,cpu,622.814,623.093
5,20,g_a,dpu,623.097,660.1
5,20,g_a,dpu,660.102,733.939
5,20,g_a_cpu,cpu,733.94,734.325
5,20,h_a,dpu,734.328,825.135
5,20,eb_enc,cpu,825.136,825.287
5,20,eb_dec,cpu,825.288,825.414
5,20,h_s,dpu,825.414,868.218
5,20,gc,cpu,868.218,878.308
5,30,normalize,cpu,878.977,882.631
5,30,g_a_cpu,cpu,882.636,883.017
5,30,g_a,dpu,883.021,920.048
5,30,g_a,dpu,920.053,959.134
5,30,g_a_cpu,cpu,959.134,959.514
5,30,h_a,dpu,959.516,1047.08
5,30,eb_enc,cpu,1047.08,1047.23
5,30,eb_dec,cpu,1047.24,1047.36
5,30,h_s,dpu,1047.36,1099.21
5,30,gc,cpu,1099.21,1109.31
5,39,normalize,cpu,1109.93,1117.96
5,39,g_a_cpu,cpu,1117.96,1118.3
5,39,g_a,dpu,1118.3,1155.15
5,39,g_a,dpu,1155.15,1193.69
5,39,g_a_cpu,cpu,1193.7,1194.09
5,39,h_a,dpu,1194.09,1280.52
5,39,eb_enc,cpu,1280.52,1280.66
5,39,eb_dec,cpu,1280.66,1280.79
5,39,h_s,dpu,1280.79,1327.93
5,39,gc,cpu,1327.93,1337.64
5,48,normalize,cpu,1338.14,1341.84
5,48,g_a_cpu,cpu,1341.85,1342.19
5,48,g_a,dpu,1342.19,1395.52
5,48,g_a,dpu,1395.52,1432.66
5,48,g_a_cpu,cpu,1432.66,1433.01
5,48,h_a,dpu,1433.02,1470.35
5,48,eb_enc,cpu,1470.35,1470.48
5,48,eb_dec,cpu,1470.48,1470.59
5,48,h_s,dpu,1470.59,1523.89
5,48,gc,cpu,1523.89,1533.82
5,57,normalize,cpu,1534.41,1538.06
5,57,g_a_cpu,cpu,1538.06,1538.44
5,57,g_a,dpu,1538.45,1633.54
5,57,g_a,dpu,1633.54,1675.38
5,57,g_a_cpu,cpu,1675.38,1675.79
5,57,h_a,dpu,1675.8,1736.53
5,57,eb_enc,cpu,1736.53,1736.71
5,57,eb_dec,cpu,1736.71,1736.84
5,57,h_s,dpu,1736.84,1819.47
5,57,gc,cpu,1819.47,1829.36
5,67,normalize,cpu,1840.96,1844.62
5,67,g_a_cpu,cpu,1844.63,1844.95
5,67,g_a,dpu,1844.95,1882.06
5,67,g_a,dpu,1882.06,1922.21
5,67,g_a_cpu,cpu,1922.22,1922.83
5,67,h_a,dpu,1922.83,1995.51
5,67,eb_enc,cpu,1995.51,1995.65
5,67,eb_dec,cpu,1995.65,1995.77
5,67,h_s,dpu,1995.77,2047.3
5,67,gc,cpu,2047.3,2057.4
5,77,normalize,cpu,2057.96,2061.61
5,77,g_a_cpu,cpu,2061.61,2061.87
5,77,g_a,dpu,2061.87,2119.25
5,77,g_a,dpu,2119.25,2156.47
5,77,g_a_cpu,cpu,2156.47,2156.96
5,77,h_a,dpu,2156.97,2220.43
5,77,eb_enc,cpu,2220.44,2220.58
5,77,eb_dec,cpu,2220.58,2220.7
5,77,h_s,dpu,2220.7,2236.6
5,77,gc,cpu,2236.61,2246.93
5,85,normalize,cpu,2247.44,2251.1
5,85,g_a_cpu,cpu,2251.1,2251.4
5,85,g_a,dpu,2251.4,2322.62
5,85,g_a,dpu,2322.62,2395.38
5,85,g_a_cpu,cpu,2395.38,2395.76
5,85,h_a,dpu,2395.76,2483.88
5,85,eb_enc,cpu,2483.88,2484.03
5,85,eb_dec,cpu,2484.03,2484.15
5,85,h_s,dpu,2484.15,2486.35
5,85,gc,cpu,2486.35,2496.3
5,92,normalize,cpu,2496.73,2500.42
5,92,g_a_cpu,cpu,2500.43,2500.98
5,92,g_a,dpu,2500.98,2588.97
5,92,g_a,dpu,2588.97,2698.02
5,92,g_a_cpu,cpu,2698.02,2698.44
5,92,h_a,dpu,2698.44,2778.3
5,92,eb_enc,cpu,2778.3,2778.46
5,92,eb_dec,cpu,2778.46,2778.58
5,92,h_s,dpu,2778.58,2780.82
5,92,gc,cpu,2780.82,2791.07
5,102,normalize,cpu,2791.67,2795.33
5,102,g_a_cpu,cpu,2795.34,2795.98
5,102,g_a,dpu,2795.99,2869.52
5,102,g_a,dpu,2869.52,2942.34
5,102,g_a_cpu,cpu,2942.34,2942.73
5,102,h_a,dpu,2942.73,3075.61
5,102,eb_enc,cpu,3075.62,3075.76
5,102,eb_dec,cpu,3075.76,3075.87
5,102,h_s,dpu,3075.88,3078.46
5,102,gc,cpu,3078.46,3088.82
5,113,normalize,cpu,3089.34,3093.07
5,113,g_a_cpu,cpu,3093.08,3093.81
5,113,g_a,dpu,3093.81,3145.15
5,113,g_a,dpu,3145.16,3217.91
5,113,g_a_cpu,cpu,3217.91,3218.32
5,113,h_a,dpu,3218.32,3312.1
5,113,eb_enc,cpu,3312.1,3312.29
5,113,eb_dec,cpu,3312.29,3312.42
5,113,h_s,dpu,3312.42,3316.49
5,113,gc,cpu,3316.5,3335.52
5,121,normalize,cpu,3335.95,3339.59
5,121,g_a_cpu,cpu,3339.6,3339.96
5,121,g_a,dpu,3339.96,3437.65
5,121,g_a,dpu,3437.65,3510.29
5,121,g_a_cpu,cpu,3510.29,3510.62
5,121,h_a,dpu,3510.63,3610.37
5,121,eb_enc,cpu,3610.37,3610.51
5,121,eb_dec,cpu,3610.51,3610.64
5,121,h_s,dpu,3610.64,3613.21
5,121,gc,cpu,3613.21,3623.04
5,131,normalize,cpu,3623.46,3627.17
5,131,g_a_cpu,cpu,3627.18,3627.49
5,131,g_a,dpu,3627.5,3669.69
5,131,g_a,dpu,3669.7,3706.55
5,131,g_a_cpu,cpu,3706.55,3706.98
5,131,h_a,dpu,3706.99,3835.56
5,131,eb_enc,cpu,3835.56,3835.72
5,131,eb_dec,cpu,3835.72,3835.84
5,131,h_s,dpu,3835.84,3851.28
5,131,gc,cpu,3851.28,3861.28
5,139,normalize,cpu,3862.04,3865.67
5,139,g_a_cpu,cpu,3865.68,3866.06
5,139,g_a,dpu,3866.06,3902.95
5,139,g_a,dpu,3902.95,3945.02
5,139,g_a_cpu,cpu,3945.02,3945.4
5,139,h_a,dpu,3945.4,4023.33
5,139,eb_enc,cpu,4023.33,4023.46
5,139,eb_dec,cpu,4023.46,4023.58
5,139,h_s,dpu,4023.58,4108.52
5,139,gc,cpu,4108.52,4118.58
5,148,normalize,cpu,4119.12,4122.8
5,148,g_a_cpu,cpu,4122.81,4123.16
5,148,g_a,dpu,4123.17,4160.3
5,148,g_a,dpu,4160.3,4200.16
5,148,g_a_cpu,cpu,4200.16,4200.57
5,148,h_a,dpu,4200.57,4285.12
5,148,eb_enc,cpu,4285.13,4285.25
5,148,eb_dec,cpu,4285.25,4285.37
5,148,h_s,dpu,4285.37,4334
5,148,gc,cpu,4334,4343.87
5,158,normalize,cpu,4344.44,4348.05
5,158,g_a_cpu,cpu,4348.05,4348.46
5,158,g_a,dpu,4348.46,4401.13
5,158,g_a,dpu,4401.14,4440.78
5,158,g_a_cpu,cpu,4440.79,4441.17
5,158,h_a,dpu,4441.17,4545.77
5,158,eb_enc,cpu,4545.77,4545.89
5,158,eb_dec,cpu,4545.89,4546
5,158,h_s,dpu,4546,4671.77
5,158,gc,cpu,4671.77,4681.89
5,169,normalize,cpu,4682.71,4686.4
5,169,g_a_cpu,cpu,4686.4,4686.77
5,169,g_a,dpu,4686.77,4723.81
5,169,g_a,dpu,4723.82,4799.72
5,169,g_a_cpu,cpu,4799.72,4800.24
5,169,h_a,dpu,4800.24,4878.43
5,169,eb_enc,cpu,4878.43,4878.58
5,169,eb_dec,cpu,4878.58,4878.7
5,169,h_s,dpu,4878.7,4880.66
5,169,gc,cpu,4880.66,4890.88
5,176,normalize,cpu,4891.48,4895.15
5,176,g_a_cpu,cpu,4895.16,4895.45
5,176,g_a,dpu,4895.46,5081.06
5,176,g_a,dpu,5081.07,5156.12
5,176,g_a_cpu,cpu,5156.12,5156.56
5,176,h_a,dpu,5156.57,5191
5,176,eb_enc,cpu,5191.01,5191.16
5,176,eb_dec,cpu,5191.16,5191.3
5,176,h_s,dpu,5191.3,5200.59
5,176,gc,cpu,5200.6,5211.08
5,192,normalize,cpu,5211.69,5216.15
5,192,g_a_cpu,cpu,5216.15,5216.5
5,192,g_a,dpu,5216.5,5323.7
5,192,g_a,dpu,5323.7,5398.56
5,192,g_a_cpu,cpu,5398.57,5398.95
5,192,h_a,dpu,5398.95,5496.26
5,192,eb_enc,cpu,5496.26,5496.38
5,192,eb_dec,cpu,5496.38,5496.49
5,192,h_s,dpu,5496.49,5513.32
5,192,gc,cpu,5513.32,5523.26
5,202,normalize,cpu,5523.82,5527.51
5,202,g_a_cpu,cpu,5527.51,5527.87
5,202,g_a,dpu,5527.87,5599.42
5,202,g_a,dpu,5599.42,5672.16
5,202,g_a_cpu,cpu,5672.17,5672.55
5,202,h_a,dpu,5672.55,5789.09
5,202,eb_enc,cpu,5789.09,5789.26
5,202,eb_dec,cpu,5789.26,5789.39
5,202,h_s,dpu,5789.39,5792.6
5,202,gc,cpu,5792.6,5812.57
5,212,normalize,cpu,5813.06,5816.69
5,212,g_a_cpu,cpu,5816.69,5816.99
5,212,g_a,dpu,5817,5862.1
5,212,g_a,dpu,5862.1,5935.51
5,212,g_a_cpu,cpu,5935.51,5935.89
5,212,h_a,dpu,5935.89,6052.68
5,212,eb_enc,cpu,6052.69,6052.89
5,212,eb_dec,cpu,6052.89,6053
5,212,h_s,dpu,6053,6056
5,212,gc,cpu,6056,6066.02
5,219,normalize,cpu,6066.49,6070.17
5,219,g_a_cpu,cpu,6070.18,6070.6
5,219,g_a,dpu,6070.61,6119.53
5,219,g_a,dpu,6119.53,6196.64
5,219,g_a_cpu,cpu,6196.64,6197.09
5,219,h_a,dpu,6197.09,6316.6
5,219,eb_enc,cpu,6316.6,6316.74
5,219,eb_dec,cpu,6316.74,6316.87
5,219,h_s,dpu,6316.87,6318.83
5,219,gc,cpu,6318.83,6328.85
5,229,normalize,cpu,6329.4,6333.07
5,229,g_a_cpu,cpu,6333.07,6333.5
5,229,g_a,dpu,6333.5,6381.41
5,229,g_a,dpu,6381.41,6418.78
5,229,g_a_cpu,cpu,6418.79,6419.1
5,229,h_a,dpu,6419.1,6539.87
5,229,eb_enc,cpu,6539.87,6540.03
5,229,eb_dec,cpu,6540.03,6540.15
5,229,h_s,dpu,6540.15,6553.37
5,229,gc,cpu,6553.37,6563.24
5,235,normalize,cpu,6563.74,6567.44
5,235,g_a_cpu,cpu,6567.44,6567.83
5,235,g_a,dpu,6567.84,6604.91
5,235,g_a,dpu,6604.91,6719.03
5,235,g_a_cpu,cpu,6719.03,6719.38
5,235,h_a,dpu,6719.39,6802
5,235,eb_enc,cpu,6802,6802.16
5,235,eb_dec,cpu,6802.17,6802.29
5,235,h_s,dpu,6802.29,6819.11
5,235,gc,cpu,6819.11,6828.7
5,246,normalize,cpu,6829.17,6832.82
5,246,g_a_cpu,cpu,6832.83,6833.11
5,246,g_a,dpu,6833.11,6876.33
5,246,g_a,dpu,6876.34,6952.74
5,246,g_a_cpu,cpu,6952.74,6953.18
5,246,h_a,dpu,6953.18,7096.34
5,246,eb_enc,cpu,7096.34,7096.48
5,246,eb_dec,cpu,7096.48,7096.6
5,246,h_s,dpu,7096.61,7112.67
5,246,gc,cpu,7112.67,7122.5
5,257,normalize,cpu,7123.18,7126.94
5,257,g_a_cpu,cpu,7126.95,7127.26
5,257,g_a,dpu,7127.26,7167.5
5,257,g_a,dpu,7167.5,7204.33
5,257,g_a_cpu,cpu,7204.33,7204.71
5,257,h_a,dpu,7204.71,7356.12
5,257,eb_enc,cpu,7356.12,7356.29
5,257,eb_dec,cpu,7356.29,7356.41
5,257,h_s,dpu,7356.41,7368.58
5,257,gc,cpu,7368.59,7378.81
5,269,normalize,cpu,7379.35,7383.08
5,269,g_a_cpu,cpu,7383.09,7383.39
5,269,g_a,dpu,7383.4,7447.85
5,269,g_a,dpu,7447.85,7557.52
5,269,g_a_cpu,cpu,7557.53,7557.91
5,269,h_a,dpu,7557.91,7668
5,269,eb_enc,cpu,7668,7668.18
5,269,eb_dec,cpu,7668.18,7668.34
5,269,h_s,dpu,7668.34,7673.62
5,269,gc,cpu,7673.62,7690.98
5,279,normalize,cpu,7691.71,7695.35
5,279,g_a_cpu,cpu,7695.36,7695.7
5,279,g_a,dpu,7695.71,7800.23
5,279,g_a,dpu,7800.23,7872.91
5,279,g_a_cpu,cpu,7872.91,7873.3
5,279,h_a,dpu,7873.31,7945.09
5,279,eb_enc,cpu,7945.09,7945.23
5,279,eb_dec,cpu,7945.24,7945.35
5,279,h_s,dpu,7945.35,7947.45
5,279,gc,cpu,7947.45,7957.28
5,286,normalize,cpu,7957.66,7961.33
5,286,g_a_cpu,cpu,7961.33,7961.83
5,286,g_a,dpu,7961.84,8041.66
5,286,g_a,dpu,8041.67,8116.46
5,286,g_a_cpu,cpu,8116.46,8116.92
5,286,h_a,dpu,8116.93,8213.39
5,286,eb_enc,cpu,8213.39,8213.56
5,286,eb_dec,cpu,8213.56,8213.68
5,286,h_s,dpu,8213.68,8214.84
5,286,gc,cpu,8214.84,8224.71
5,296,normalize,cpu,8225.16,8228.8
5,296,g_a_cpu,cpu,8228.8,8229.14
5,296,g_a,dpu,8229.14,8275.58
5,296,g_a,dpu,8275.58,8312.6
5,296,g_a_cpu,cpu,8312.6,8312.97
5,296,h_a,dpu,8312.97,8403.17
5,296,eb_enc,cpu,8403.17,8403.32
5,296,eb_dec,cpu,8403.32,8403.44
5,296,h_s,dpu,8403.44,8447.09
5,296,gc,cpu,8447.09,8456.85
5,304,normalize,cpu,8457.37,8461.09
5,304,g_a_cpu,cpu,8461.09,8461.4
5,304,g_a,dpu,8461.41,8536.88
5,304,g_a,dpu,8536.88,8613.55
5,304,g_a_cpu,cpu,8613.55,8613.92
5,304,h_a,dpu,8613.92,8701.06
5,304,eb_enc,cpu,8701.06,8701.19
5,304,eb_dec,cpu,8701.19,8701.3
5,304,h_s,dpu,8701.3,8716.61
5,304,gc,cpu,8716.62,8726.37
5,314,normalize,cpu,8726.92,8730.59
5,314,g_a_cpu,cpu,8730.6,8730.89
5,314,g_a,dpu,8730.9,8768.93
5,314,g_a,dpu,8768.93,8843.89
5,314,g_a_cpu,cpu,8843.89,8844.24
5,314,h_a,dpu,8844.24,8928.03
5,314,eb_enc,cpu,8928.03,8928.18
5,314,eb_dec,cpu,8928.18,8928.38
5,314,h_s,dpu,8928.38,8943.56
5,314,gc,cpu,8943.56,8953.53
5,323,normalize,cpu,8954.12,8957.77
5,323,g_a_cpu,cpu,8957.77,8958.08
5,323,g_a,dpu,8958.09,9006.66
5,323,g_a,dpu,9006.66,9083.06
5,323,g_a_cpu,cpu,9083.07,9083.51
5,323,h_a,dpu,9083.52,9335.41
5,323,eb_enc,cpu,9335.42,9335.55
5,323,eb_dec,cpu,9335.55,9335.66
5,323,h_s,dpu,9335.66,9351.58
5,323,gc,cpu,9351.58,9361.93
5,337,normalize,cpu,9362.47,9366.18
5,337,g_a_cpu,cpu,9366.18,9366.48
5,337,g_a,dpu,9366.48,9403.29
5,337,g_a,dpu,9403.29,9475.82
5,337,g_a_cpu,cpu,9475.82,9476.31
5,337,h_a,dpu,9476.31,9597.26
5,337,eb_enc,cpu,9597.26,9597.38
5,337,eb_dec,cpu,9597.38,9597.5
5,337,h_s,dpu,9597.5,9645.31
5,337,gc,cpu,9645.31,9655.21
5,346,normalize,cpu,9655.73,9659.4
5,346,g_a_cpu,cpu,9659.4,9659.75
5,346,g_a,dpu,9659.76,9698.03
5,346,g_a,dpu,9698.03,9771.66
5,346,g_a_cpu,cpu,9771.66,9772.16
5,346,h_a,dpu,9772.17,9820.08
5,346,eb_enc,cpu,9820.08,9820.26
5,346,eb_dec,cpu,9820.26,9820.39
5,346,h_s,dpu,9820.39,9835.19
5,346,gc,cpu,9835.19,9844.85
5,353,normalize,cpu,9845.44,9849.12
5,353,g_a_cpu,cpu,9849.12,9849.43
5,353,g_a,dpu,9849.43,9892.83
5,353,g_a,dpu,9892.83,10005.3
5,353,g_a_cpu,cpu,10005.3,10006
5,353,h_a,dpu,10006,10115.1
5,353,eb_enc,cpu,10115.1,10115.3
5,353,eb_dec,cpu,10115.3,10115.4
5,353,h_s,dpu,10115.4,10118.1
5,353,gc,cpu,10118.1,10128.1
5,365,normalize,cpu,10129.1,10132.8
5,365,g_a_cpu,cpu,10132.8,10133.2
5,365,g_a,dpu,10133.2,10204.3
5,365,g_a,dpu,10204.3,10276.9
5,365,g_a_cpu,cpu,10276.9,10277.4
5,365,h_a,dpu,10277.4,10383.8
5,365,eb_enc,cpu,10383.8,10383.9
5,365,eb_dec,cpu,10383.9,10384.1
5,365,h_s,dpu,10384.1,10388.5
5,365,gc,cpu,10388.5,10398.4
5,374,normalize,cpu,10398.9,10402.8
5,374,g_a_cpu,cpu,10402.8,10403.2
5,374,g_a,dpu,10403.2,10441.1
5,374,g_a,dpu,10441.1,10550
5,374,g_a_cpu,cpu,10550,10550.4
5,374,h_a,dpu,10550.4,10655.9
5,374,eb_enc,cpu,10656,10656.1
5,374,eb_dec,cpu,10656.1,10656.2
5,374,h_s,dpu,10656.2,10671.6
5,374,gc,cpu,10671.6,10681.5
5,384,normalize,cpu,10682,10685.7
5,384,g_a_cpu,cpu,10685.7,10685.9
5,384,g_a,dpu,10685.9,10723.1
5,384,g_a,dpu,10723.1,10759.9
5,384,g_a_cpu,cpu,10759.9,10760.3
5,384,h_a,dpu,10760.3,10880.3
5,384,eb_enc,cpu,10880.3,10880.5
5,384,eb_dec,cpu,10880.5,10880.7
5,384,h_s,dpu,10880.7,10894.7
5,384,gc,cpu,10894.7,10904.5
5,393,normalize,cpu,10905,10908.7
5,393,g_a_cpu,cpu,10908.7,10909
5,393,g_a,dpu,10909,10955.5
5,393,g_a,dpu,10955.5,11028.1
5,393,g_a_cpu,cpu,11028.1,11028.5
5,393,h_a,dpu,11028.6,11110.8
5,393,eb_enc,cpu,11110.8,11111
5,393,eb_dec,cpu,11111,11111.1
5,393,h_s,dpu,11111.1,11128.9
5,393,gc,cpu,11128.9,11138.7
5,401,normalize,cpu,11139.3,11143
5,401,g_a_cpu,cpu,11143,11143.3
5,401,g_a,dpu,11143.3,11192.9
5,401,g_a,dpu,11192.9,11271.8
5,401,g_a_cpu,cpu,11271.9,11272.2
5,401,h_a,dpu,11272.2,11414.2
5,401,eb_enc,cpu,11414.2,11414.4
5,401,eb_dec,cpu,11414.4,11414.5
5,401,h_s,dpu,11414.5,11416.4
5,401,gc,cpu,11416.4,11426.2
5,411,normalize,cpu,11426.8,11430.5
5,411,g_a_cpu,cpu,11430.5,11431.1
5,411,g_a,dpu,11431.1,11468.3
5,411,g_a,dpu,11468.3,11544.3
5,411,g_a_cpu,cpu,11544.4,11544.8
5,411,h_a,dpu,11544.8,11673
5,411,eb_enc,cpu,11673.1,11673.2
5,411,eb_dec,cpu,11673.2,11673.3
5,411,h_s,dpu,11673.3,11675.7
5,411,gc,cpu,11675.7,11685.5
5,419,normalize,cpu,11686,11689.7
5,419,g_a_cpu,cpu,11689.7,11690
5,419,g_a,dpu,11690.1,11727.1
5,419,g_a,dpu,11727.1,11764.2
5,419,g_a_cpu,cpu,11764.2,11764.6
5,419,h_a,dpu,11764.6,11827.7
5,419,eb_enc,cpu,11827.7,11827.9
5,419,eb_dec,cpu,11827.9,11828
5,419,h_s,dpu,11828,11880
5,419,gc,cpu,11880,11889.8
5,428,normalize,cpu,11890.3,11894
5,428,g_a_cpu,cpu,11894,11894.3
5,428,g_a,dpu,11894.3,11954.8
5,428,g_a,dpu,11954.8,12033.1
5,428,g_a_cpu,cpu,12033.1,12033.6
5,428,h_a,dpu,12033.6,12121.1
5,428,eb_enc,cpu,12121.1,12121.3
5,428,eb_dec,cpu,12121.3,12121.4
5,428,h_s,dpu,12121.4,12174.3
5,428,gc,cpu,12174.3,12184.6
5,439,normalize,cpu,12185.3,12189.2
5,439,g_a_cpu,cpu,12189.2,12189.5
5,439,g_a,dpu,12189.5,12226.4
5,439,g_a,dpu,12226.4,12300.8
5,439,g_a_cpu,cpu,12300.8,12301.2
5,439,h_a,dpu,12301.2,12381.5
5,439,eb_enc,cpu,12381.5,12381.7
5,439,eb_dec,cpu,12381.7,12381.8
5,439,h_s,dpu,12381.8,12399.1
5,439,gc,cpu,12399.1,12409.2
5,447,normalize,cpu,12409.8,12413.5
5,447,g_a_cpu,cpu,12413.5,12413.7
5,447,g_a,dpu,12413.7,12461
5,447,g_a,dpu,12461,12498.5
5,447,g_a_cpu,cpu,12498.5,12498.9
5,447,h_a,dpu,12498.9,12643
5,447,eb_enc,cpu,12643,12643.1
5,447,eb_dec,cpu,12643.1,12643.2
5,447,h_s,dpu,12643.2,12647.2
5,447,gc,cpu,12647.2,12659.5
5,456,normalize,cpu,12660.1,12663.7
5,456,g_a_cpu,cpu,12663.7,12664
5,456,g_a,dpu,12664,12701.3
5,456,g_a,dpu,12701.3,12739
5,456,g_a_cpu,cpu,12739,12739.4
5,456,h_a,dpu,12739.4,12829
5,456,eb_enc,cpu,12829,12829.2
5,456,eb_dec,cpu,12829.2,12829.3
5,456,h_s,dpu,12829.3,12881.4
5,456,gc,cpu,12881.4,12892.5
5,466,normalize,cpu,12893.2,12896.9
5,466,g_a_cpu,cpu,12896.9,12897.2
5,466,g_a,dpu,12897.2,12934.1
5,466,g_a,dpu,12934.1,12971.3
5,466,g_a_cpu,cpu,12971.3,12971.7
5,466,h_a,dpu,12971.7,13101
5,466,eb_enc,cpu,13101,13101.1
5,466,eb_dec,cpu,13101.1,13101.2
5,466,h_s,dpu,13101.2,13140.4
5,466,gc,cpu,13140.4,13150.5
5,475,normalize,cpu,13151.2,13154.8
5,475,g_a_cpu,cpu,13154.8,13155.2
5,475,g_a,dpu,13155.2,13192.3
5,475,g_a,dpu,13192.3,13229.9
5,475,g_a_cpu,cpu,13229.9,13230.3
5,475,h_a,dpu,13230.3,13329.1
5,475,eb_enc,cpu,13329.1,13329.2
5,475,eb_dec,cpu,13329.2,13329.4
5,475,h_s,dpu,13329.4,13374.7
5,475,gc,cpu,13374.7,13384.4
5,485,normalize,cpu,13384.9,13388.6
5,485,g_a_cpu,cpu,13388.6,13388.8
5,485,g_a,dpu,13388.8,13425.6
5,485,g_a,dpu,13425.6,13464.1
5,485,g_a_cpu,cpu,13464.1,13464.6
5,485,h_a,dpu,13464.6,13558.2
5,485,eb_enc,cpu,13558.2,13558.3
5,485,eb_dec,cpu,13558.3,13558.5
5,485,h_s,dpu,13558.5,13571
5,485,gc,cpu,13571,13581.3
5,493,normalize,cpu,13581.8,13585.5
5,493,g_a_cpu,cpu,13585.5,13585.8
5,493,g_a,dpu,13585.8,13693.9
5,493,g_a,dpu,13693.9,13732.5
5,493,g_a_cpu,cpu,13732.5,13732.9
5,493,h_a,dpu,13732.9,13780.3
5,493,eb_enc,cpu,13780.3,13780.4
5,493,eb_dec,cpu,13780.4,13780.5
5,493,h_s,dpu,13780.5,13781.7
5,493,gc,cpu,13781.7,13791.8
5,501,normalize,cpu,13792.4,13796
5,501,g_a_cpu,cpu,13796,13796.4
5,501,g_a,dpu,13796.4,13879.6
5,501,g_a,dpu,13879.6,13989.9
5,501,g_a_cpu,cpu,13989.9,13990.3
5,501,h_a,dpu,13990.3,14040.7
5,501,eb_enc,cpu,14040.7,14040.8
5,501,eb_dec,cpu,14040.8,14040.9
5,501,h_s,dpu,14040.9,14042.1
5,501,gc,cpu,14042.1,14052.4
5,512,normalize,cpu,14052.8,14056.5
5,512,g_a_cpu,cpu,14056.5,14057
5,512,g_a,dpu,14057,14214.5
5,512,g_a,dpu,14214.5,14255.2
5,512,g_a_cpu,cpu,14255.2,14255.6
5,512,h_a,dpu,14255.6,14306.4
5,512,eb_enc,cpu,14306.4,14306.5
5,512,eb_dec,cpu,14306.5,14306.6
5,512,h_s,dpu,14306.6,14309.2
5,512,gc,cpu,14309.3,14319.2
5,521,normalize,cpu,14320.2,14324.1
5,521,g_a_cpu,cpu,14324.1,14324.8
5,521,g_a,dpu,14324.8,14406.2
5,521,g_a,dpu,14406.2,14516
5,521,g_a_cpu,cpu,14516,14516.4
5,521,h_a,dpu,14516.4,14599.9
5,521,eb_enc,cpu,14599.9,14600.1
5,521,eb_dec,cpu,14600.1,14600.2
5,521,h_s,dpu,14600.2,14602.7
5,521,gc,cpu,14602.7,14612.6
5,531,normalize,cpu,14622.3,14626
5,531,g_a_cpu,cpu,14626,14626.3
5,531,g_a,dpu,14626.3,14727.3
5,531,g_a,dpu,14727.3,14808.7
5,531,g_a_cpu,cpu,14808.7,14809.2
5,531,h_a,dpu,14809.2,14933.7
5,531,eb_enc,cpu,14933.7,14933.8
5,531,eb_dec,cpu,14933.8,14933.9
5,531,h_s,dpu,14933.9,14949.1
5,531,gc,cpu,14949.1,14958.8
5,542,normalize,cpu,14959.3,14962.9
5,542,g_a_cpu,cpu,14962.9,14963.2
5,542,g_a,dpu,14963.2,15008.7
5,542,g_a,dpu,15008.7,15045.6
5,542,g_a_cpu,cpu,15045.6,15045.9
5,542,h_a,dpu,15045.9,15204.1
5,542,eb_enc,cpu,15204.1,15204.2
5,542,eb_dec,cpu,15204.2,15204.4
5,542,h_s,dpu,15204.4,15220.6
5,542,gc,cpu,15220.6,15231.1
5,554,normalize,cpu,15231.7,15235.5
5,554,g_a_cpu,cpu,15235.5,15235.9
5,554,g_a,dpu,15235.9,15308
5,554,g_a,dpu,15308,15383
5,554,g_a_cpu,cpu,15383,15383.4
5,554,h_a,dpu,15383.4,15497.9
5,554,eb_enc,cpu,15497.9,15498.1
5,554,eb_dec,cpu,15498.1,15498.2
5,554,h_s,dpu,15498.2,15515.7
5,554,gc,cpu,15515.7,15525.8
5,564,normalize,cpu,15526.4,15530.2
5,564,g_a_cpu,cpu,15530.2,15530.5
5,564,g_a,dpu,15530.5,15605.6
5,564,g_a,dpu,15605.6,15678.3
5,564,g_a_cpu,cpu,15678.3,15678.7
5,564,h_a,dpu,15678.7,15762.4
5,564,eb_enc,cpu,15762.4,15762.5
5,564,eb_dec,cpu,15762.5,15763.1
5,564,h_s,dpu,15763.1,15764.4
5,564,gc,cpu,15764.4,15774.4
5,571,normalize,cpu,15775,15778.8
5,571,g_a_cpu,cpu,15778.8,15779.2
5,571,g_a,dpu,15779.2,15844.9
5,571,g_a,dpu,15844.9,15918.5
5,571,g_a_cpu,cpu,15918.5,15918.9
5,571,h_a,dpu,15918.9,16058.1
5,571,eb_enc,cpu,16058.1,16058.2
5,571,eb_dec,cpu,16058.2,16058.3
5,571,h_s,dpu,16058.3,16062.1
5,571,gc,cpu,16062.1,16079.1
5,583,normalize,cpu,16079.6,16083.2
5,583,g_a_cpu,cpu,16083.2,16083.6
5,583,g_a,dpu,16083.6,16121.1
5,583,g_a,dpu,16121.1,16194
5,583,g_a_cpu,cpu,16194,16194.4
5,583,h_a,dpu,16194.4,16286.2
5,583,eb_enc,cpu,16286.2,16286.4
5,583,eb_dec,cpu,16286.4,16286.5
5,583,h_s,dpu,16286.5,16300.7
5,583,gc,cpu,16300.7,16310.3
5,589,normalize,cpu,16310.8,16314.6
5,589,g_a_cpu,cpu,16314.6,16315.9
5,589,g_a,dpu,16315.9,16352.9
5,589,g_a,dpu,16352.9,16427.2
5,589,g_a_cpu,cpu,16427.2,16427.5
5,589,h_a,dpu,16427.5,16544.9
5,589,eb_enc,cpu,16544.9,16545
5,589,eb_dec,cpu,16545,16545.1
5,589,h_s,dpu,16545.1,16560.5
5,589,gc,cpu,16560.5,16570.3
5,599,normalize,cpu,16570.8,16574.4
5,599,g_a_cpu,cpu,16574.4,16574.7
5,599,g_a,dpu,16574.7,16611.6
5,599,g_a,dpu,16611.6,16763.3
5,599,g_a_cpu,cpu,16763.3,16763.8
5,599,h_a,dpu,16763.8,16852.1
5,599,eb_enc,cpu,16852.1,16852.3
5,599,eb_dec,cpu,16852.3,16852.4
5,599,h_s,dpu,16852.4,16868.9
5,599,gc,cpu,16868.9,16879.2
5,613,normalize,cpu,16879.7,16884.6
5,613,g_a_cpu,cpu,16884.6,16888.6
5,613,g_a,dpu,16888.6,16957.7
5,613,g_a,dpu,16957.7,17033.4
5,613,g_a_cpu,cpu,17033.4,17033.8
5,613,h_a,dpu,17033.8,17113.2
5,613,eb_enc,cpu,17113.2,17113.3
5,613,eb_dec,cpu,17113.3,17113.4
5,613,h_s,dpu,17113.4,17114.7
5,613,gc,cpu,17114.7,17124.9
5,621,normalize,cpu,17125.5,17129.2
5,621,g_a_cpu,cpu,17129.2,17129.5
5,621,g_a,dpu,17129.5,17202.1
5,621,g_a,dpu,17202.1,17279
5,621,g_a_cpu,cpu,17279,17279.4
5,621,h_a,dpu,17279.4,17408.4
5,621,eb_enc,cpu,17408.4,17408.6
5,621,eb_dec,cpu,17408.6,17408.7
5,621,h_s,dpu,17408.7,17426.8
5,621,gc,cpu,17426.8,17437.2
5,634,normalize,cpu,17437.8,17441.4
5,634,g_a_cpu,cpu,17441.4,17441.8
5,634,g_a,dpu,17441.8,17490
5,634,g_a,dpu,17490,17564
5,634,g_a_cpu,cpu,17564,17564.5
5,634,h_a,dpu,17564.5,17671.4
5,634,eb_enc,cpu,17671.4,17671.6
5,634,eb_dec,cpu,17671.6,17671.7
5,634,h_s,dpu,17671.7,17673.7
5,634,gc,cpu,17673.7,17683.8
5,641,normalize,cpu,17684.4,17688.1
5,641,g_a_cpu,cpu,17688.1,17688.4
5,641,g_a,dpu,17688.5,17725.2
5,641,g_a,dpu,17725.2,17762.2
5,641,g_a_cpu,cpu,17762.2,17762.6
5,641,h_a,dpu,17762.6,17857.4
5,641,eb_enc,cpu,17857.4,17857.5
5,641,eb_dec,cpu,17857.5,17857.6
5,641,h_s,dpu,17857.6,17945.8
5,641,gc,cpu,17945.8,17956.1
5,650,normalize,cpu,17956.6,17960.3
5,650,g_a_cpu,cpu,17960.4,17960.7
5,650,g_a,dpu,17960.7,18032.6
5,650,g_a,dpu,18032.6,18113.5
5,650,g_a_cpu,cpu,18113.5,18113.8
5,650,h_a,dpu,18113.8,18198.3
5,650,eb_enc,cpu,18198.4,18198.5
5,650,eb_dec,cpu,18198.5,18198.6
5,650,h_s,dpu,18198.6,18238.5
5,650,gc,cpu,18238.5,18248.3
5,661,normalize,cpu,18248.8,18252.4
5,661,g_a_cpu,cpu,18252.4,18252.7
5,661,g_a,dpu,18252.7,18309.1
5,661,g_a,dpu,18309.1,18346.1
5,661,g_a_cpu,cpu,18346.1,18346.5
5,661,h_a,dpu,18346.5,18456.5
5,661,eb_enc,cpu,18456.5,18456.6
5,661,eb_dec,cpu,18456.6,18456.7
5,661,h_s,dpu,18456.7,18476.5
5,661,gc,cpu,18476.5,18486.4
5,671,normalize,cpu,18486.9,18490.5
5,671,g_a_cpu,cpu,18490.6,18490.8
5,671,g_a,dpu,18490.8,18549.1
5,671,g_a,dpu,18549.1,18588.5
5,671,g_a_cpu,cpu,18588.5,18589
5,671,h_a,dpu,18589,18680.5
5,671,eb_enc,cpu,18680.5,18680.7
5,671,eb_dec,cpu,18680.7,18680.8
5,671,h_s,dpu,18680.8,18702.4
5,671,gc,cpu,18702.4,18712.1
5,680,normalize,cpu,18712.6,18716.2
5,680,g_a_cpu,cpu,18716.2,18716.5
5,680,g_a,dpu,18716.6,18760.4
5,680,g_a,dpu,18760.4,18797.2
5,680,g_a_cpu,cpu,18797.2,18797.6
5,680,h_a,dpu,18797.7,18901.1
5,680,eb_enc,cpu,18901.1,18901.3
5,680,eb_dec,cpu,18901.3,18901.4
5,680,h_s,dpu,18901.4,18903.1
5,680,gc,cpu,18903.1,18913.5
5,686,normalize,cpu,18914.1,18917.9
5,686,g_a_cpu,cpu,18917.9,18918.4
5,686,g_a,dpu,18918.4,18961.5
5,686,g_a,dpu,18961.5,18998.4
5,686,g_a_cpu,cpu,18998.4,18998.7
5,686,h_a,dpu,18998.7,19137.5
5,686,eb_enc,cpu,19137.5,19137.7
5,686,eb_dec,cpu,19137.7,19137.8
5,686,h_s,dpu,19137.8,19154.8
5,686,gc,cpu,19154.8,19164.8
5,695,normalize,cpu,19169.2,19172.9
5,695,g_a_cpu,cpu,19172.9,19173.6
5,695,g_a,dpu,19173.6,19245.2
5,695,g_a,dpu,19245.2,19356.9
5,695,g_a_cpu,cpu,19356.9,19357.4
5,695,h_a,dpu,19357.4,19401.8
5,695,eb_enc,cpu,19401.8,19401.9
5,695,eb_dec,cpu,19401.9,19402
5,695,h_s,dpu,19402,19403.4
5,695,gc,cpu,19403.4,19414.8
5,705,normalize,cpu,19415.3,19419
5,705,g_a_cpu,cpu,19419,19419.3
5,705,g_a,dpu,19419.3,19528.6
5,705,g_a,dpu,19528.6,19603.5
5,705,g_a_cpu,cpu,19603.5,19603.9
5,705,h_a,dpu,19603.9,19699.5
5,705,eb_enc,cpu,19699.5,19699.7
5,705,eb_dec,cpu,19699.7,19699.8
5,705,h_s,dpu,19699.8,19701.7
5,705,gc,cpu,19701.7,19711.7
5,716,normalize,cpu,19712.4,19716.2
5,716,g_a_cpu,cpu,19716.2,19716.6
5,716,g_a,dpu,19716.6,19764.7
5,716,g_a,dpu,19764.7,19837.5
5,716,g_a_cpu,cpu,19837.5,19837.9
5,716,h_a,dpu,19837.9,19969.2
5,716,eb_enc,cpu,19969.2,19969.3
5,716,eb_dec,cpu,19969.3,19969.5
5,716,h_s,dpu,19969.5,19971.2
5,716,gc,cpu,19971.2,19980.7
5,724,normalize,cpu,19981.2,19984.8
5,724,g_a_cpu,cpu,19984.8,19985.1
5,724,g_a,dpu,19985.1,20026.5
5,724,g_a,dpu,20026.5,20063.4
5,724,g_a_cpu,cpu,20063.4,20063.8
5,724,h_a,dpu,20063.8,20159.9
5,724,eb_enc,cpu,20159.9,20160
5,724,eb_dec,cpu,20160,20160.1
5,724,h_s,dpu,20160.1,20243.2
5,724,gc,cpu,20243.2,20253.2
5,732,normalize,cpu,20253.7,20257.4
5,732,g_a_cpu,cpu,20257.4,20257.7
5,732,g_a,dpu,20257.7,20300.9
5,732,g_a,dpu,20300.9,20377.1
5,732,g_a_cpu,cpu,20377.2,20377.5
5,732,h_a,dpu,20377.5,20456.9
5,732,eb_enc,cpu,20456.9,20457
5,732,eb_dec,cpu,20457,20457.1
5,732,h_s,dpu,20457.1,20507.9
5,732,gc,cpu,20507.9,20517.9
5,742,normalize,cpu,20518.5,20522.2
5,742,g_a_cpu,cpu,20522.2,20522.5
5,742,g_a,dpu,20522.6,20559.5
5,742,g_a,dpu,20559.5,20670
5,742,g_a_cpu,cpu,20670,20670.4
5,742,h_a,dpu,20670.4,20766
5,742,eb_enc,cpu,20766,20766.1
5,742,eb_dec,cpu,20766.1,20766.2
5,742,h_s,dpu,20766.2,20812.6
5,742,gc,cpu,20812.6,20823.3
5,757,normalize,cpu,20824,20827.8
5,757,g_a_cpu,cpu,20827.8,20828.4
5,757,g_a,dpu,20828.4,20891.4
5,757,g_a,dpu,20891.4,21001
5,757,g_a_cpu,cpu,21001,21001.4
5,757,h_a,dpu,21001.4,21073.6
5,757,eb_enc,cpu,21073.6,21073.7
5,757,eb_dec,cpu,21073.7,21073.8
5,757,h_s,dpu,21073.8,21076.3
5,757,gc,cpu,21076.3,21086.2
5,766,normalize,cpu,21086.7,21090.6
5,766,g_a_cpu,cpu,21090.6,21091.1
5,766,g_a,dpu,21091.1,21127.9
5,766,g_a,dpu,21127.9,21237.2
5,766,g_a_cpu,cpu,21237.2,21237.5
5,766,h_a,dpu,21237.5,21378.6
5,766,eb_enc,cpu,21378.6,21378.7
5,766,eb_dec,cpu,21378.7,21378.8
5,766,h_s,dpu,21378.8,21384.5
5,766,gc,cpu,21384.5,21394.5
5,774,normalize,cpu,21395,21398.8
5,774,g_a_cpu,cpu,21398.8,21399.1
5,774,g_a,dpu,21399.1,21436.2
5,774,g_a,dpu,21436.2,21544.9
5,774,g_a_cpu,cpu,21544.9,21545.3
5,774,h_a,dpu,21545.4,21656.9
5,774,eb_enc,cpu,21656.9,21657.1
5,774,eb_dec,cpu,21657.1,21657.2
5,774,h_s,dpu,21657.2,21659.1
5,774,gc,cpu,21659.1,21668.8
5,782,normalize,cpu,21669.3,21673
5,782,g_a_cpu,cpu,21673,21673.3
5,782,g_a,dpu,21673.3,21713.1
5,782,g_a,dpu,21713.1,21827.8
5,782,g_a_cpu,cpu,21827.8,21828.1
5,782,h_a,dpu,21828.1,21961.1
5,782,eb_enc,cpu,21961.1,21961.3
5,782,eb_dec,cpu,21961.3,21961.4
5,782,h_s,dpu,21961.4,21963.2
5,782,gc,cpu,21963.2,21973.1
5,792,normalize,cpu,21973.6,21977.3
5,792,g_a_cpu,cpu,21977.3,21977.6
5,792,g_a,dpu,21977.6,22015.1
5,792,g_a,dpu,22015.1,22162.8
5,792,g_a_cpu,cpu,22162.8,22163.2
5,792,h_a,dpu,22163.2,22297.4
5,792,eb_enc,cpu,22297.4,22297.6
5,792,eb_dec,cpu,22297.6,22297.7
5,792,h_s,dpu,22297.7,22300
5,792,gc,cpu,22300,22311.7
5,804,normalize,cpu,22312.4,22316
5,804,g_a_cpu,cpu,22316,22316.5
5,804,g_a,dpu,22316.5,22364.7
5,804,g_a,dpu,22364.7,22437.4
5,804,g_a_cpu,cpu,22437.4,22437.9
5,804,h_a,dpu,22437.9,22524
5,804,eb_enc,cpu,22524,22524.1
5,804,eb_dec,cpu,22524.1,22524.2
5,804,h_s,dpu,22524.2,22541.1
5,804,gc,cpu,22541.1,22550.8
5,812,normalize,cpu,22551.2,22555
5,812,g_a_cpu,cpu,22555,22555.3
5,812,g_a,dpu,22555.3,22629.6
5,812,g_a,dpu,22629.6,22704.3
5,812,g_a_cpu,cpu,22704.3,22704.7
5,812,h_a,dpu,22704.7,22825.2
5,812,eb_enc,cpu,22825.2,22825.3
5,812,eb_dec,cpu,22825.3,22825.4
5,812,h_s,dpu,22825.4,22826.6
5,812,gc,cpu,22826.6,22837.1
5,824,normalize,cpu,22837.5,22841.2
5,824,g_a_cpu,cpu,22841.2,22841.5
5,824,g_a,dpu,22841.5,22878.6
5,824,g_a,dpu,22878.6,22951.5
5,824,g_a_cpu,cpu,22951.5,22951.8
5,824,h_a,dpu,22951.8,23011.8
5,824,eb_enc,cpu,23011.8,23012
5,824,eb_dec,cpu,23012,23012.1
5,824,h_s,dpu,23012.1,23075.8
5,824,gc,cpu,23075.9,23086.6
5,831,normalize,cpu,23097.3,23100.9
5,831,g_a_cpu,cpu,23100.9,23101.3
5,831,g_a,dpu,23101.3,23138.4
5,831,g_a,dpu,23138.4,23211.4
5,831,g_a_cpu,cpu,23211.4,23211.7
5,831,h_a,dpu,23211.7,23308.8
5,831,eb_enc,cpu,23308.8,23309
5,831,eb_dec,cpu,23309,23309.2
5,831,h_s,dpu,23309.2,23325.2
5,831,gc,cpu,23325.2,23334.9
5,840,normalize,cpu,23335.5,23339.2
5,840,g_a_cpu,cpu,23339.2,23339.6
5,840,g_a,dpu,23339.6,23376.5
5,840,g_a,dpu,23376.5,23450.4
5,840,g_a_cpu,cpu,23450.4,23451
5,840,h_a,dpu,23451,23533.7
5,840,eb_enc,cpu,23533.7,23533.9
5,840,eb_dec,cpu,23533.9,23534
5,840,h_s,dpu,23534,23549.1
5,840,gc,cpu,23549.1,23558.9
5,850,normalize,cpu,23559.3,23563
5,850,g_a_cpu,cpu,23563,23563.3
5,850,g_a,dpu,23563.3,23603.3
5,850,g_a,dpu,23603.3,23645
5,850,g_a_cpu,cpu,23645,23645.7
5,850,h_a,dpu,23645.7,23755.7
5,850,eb_enc,cpu,23755.7,23755.8
5,850,eb_dec,cpu,23755.8,23755.9
5,850,h_s,dpu,23755.9,23811.7
5,850,gc,cpu,23811.7,23821.8
5,860,normalize,cpu,23822.2,23825.9
5,860,g_a_cpu,cpu,23825.9,23826.3
5,860,g_a,dpu,23826.3,23863.4
5,860,g_a,dpu,23863.4,23900.8
5,860,g_a_cpu,cpu,23900.8,23901.1
5,860,h_a,dpu,23901.1,24013.7
5,860,eb_enc,cpu,24013.7,24013.8
5,860,eb_dec,cpu,24013.8,24013.9
5,860,h_s,dpu,24013.9,24066.4
5,860,gc,cpu,24066.4,24076.3
5,870,normalize,cpu,24076.8,24080.4
5,870,g_a_cpu,cpu,24080.4,24080.7
5,870,g_a,dpu,24080.7,24117.6
5,870,g_a,dpu,24117.6,24157.2
5,870,g_a_cpu,cpu,24157.2,24157.5
5,870,h_a,dpu,24157.5,24238.2
5,870,eb_enc,cpu,24238.2,24238.4
5,870,eb_dec,cpu,24238.4,24238.5
5,870,h_s,dpu,24238.5,24291.3
5,870,gc,cpu,24291.3,24301
5,878,normalize,cpu,24301.5,24305.1
5,878,g_a_cpu,cpu,24305.2,24305.4
5,878,g_a,dpu,24305.4,24350.1
5,878,g_a,dpu,24350.1,24393
5,878,g_a_cpu,cpu,24393,24393.4
5,878,h_a,dpu,24393.4,24460.4
5,878,eb_enc,cpu,24460.4,24460.5
5,878,eb_dec,cpu,24460.5,24460.6
5,878,h_s,dpu,24460.6,24512.4
5,878,gc,cpu,24512.4,24522.2
5,888,normalize,cpu,24522.6,24526.3
5,888,g_a_cpu,cpu,24526.3,24526.6
5,888,g_a,dpu,24526.6,24586.5
5,888,g_a,dpu,24586.5,24623.3
5,888,g_a_cpu,cpu,24623.3,24623.6
5,888,h_a,dpu,24623.6,24684.9
5,888,eb_enc,cpu,24684.9,24685
5,888,eb_dec,cpu,24685,24685.1
5,888,h_s,dpu,24685.1,24701.2
5,888,gc,cpu,24701.2,24711.3
5,897,normalize,cpu,24711.8,24715.4
5,897,g_a_cpu,cpu,24715.4,24715.7
5,897,g_a,dpu,24715.7,24778.2
5,897,g_a,dpu,24778.2,24888.2
5,897,g_a_cpu,cpu,24888.2,24888.5
5,897,h_a,dpu,24888.5,24979.6
5,897,eb_enc,cpu,24979.6,24979.7
5,897,eb_dec,cpu,24979.7,24979.8
5,897,h_s,dpu,24979.8,24982.5
5,897,gc,cpu,24982.5,24993
5,907,normalize,cpu,24993.6,24997.3
5,907,g_a_cpu,cpu,24997.3,24997.6
5,907,g_a,dpu,24997.6,25088.7
5,907,g_a,dpu,25088.7,25125.4
5,907,g_a_cpu,cpu,25125.4,25125.7
5,907,h_a,dpu,25125.7,25237.1
5,907,eb_enc,cpu,25237.1,25237.3
5,907,eb_dec,cpu,25237.3,25237.4
5,907,h_s,dpu,25237.4,25238.8
5,907,gc,cpu,25238.8,25249.2
5,913,normalize,cpu,25249.8,25253.5
5,913,g_a_cpu,cpu,25253.5,25253.9
5,913,g_a,dpu,25253.9,25305.3
5,913,g_a,dpu,25305.3,25378.2
5,913,g_a_cpu,cpu,25378.2,25378.7
5,913,h_a,dpu,25378.7,25463.9
5,913,eb_enc,cpu,25463.9,25464
5,913,eb_dec,cpu,25464,25464.2
5,913,h_s,dpu,25464.2,25479.8
5,913,gc,cpu,25479.8,25490.1
5,924,normalize,cpu,25490.5,25494.2
5,924,g_a_cpu,cpu,25494.2,25494.5
5,924,g_a,dpu,25494.5,25538.8
5,924,g_a,dpu,25538.8,25611.7
5,924,g_a_cpu,cpu,25611.7,25612.4
5,924,h_a,dpu,25612.4,25720.8
5,924,eb_enc,cpu,25720.8,25721
5,924,eb_dec,cpu,25721,25721.1
5,924,h_s,dpu,25721.1,25723.2
5,924,gc,cpu,25723.2,25733.6
6,2,normalize,cpu,72.9164,82.077
6,2,g_a_cpu,cpu,82.1685,82.5117
6,2,g_a,dpu,82.519,153.93
6,2,g_a,dpu,153.933,190.371
6,2,g_a_cpu,cpu,190.372,191.052
6,2,h_a,dpu,191.058,265.349
6,2,eb_enc,cpu,265.35,265.511
6,2,eb_dec,cpu,265.511,265.63
6,2,h_s,dpu,265.63,305.386
6,2,gc,cpu,305.389,320.615
6,11,normalize,cpu,321.083,324.723
6,11,g_a_cpu,cpu,324.726,324.995
6,11,g_a,dpu,324.997,448.987
6,11,g_a,dpu,448.989,593.434
6,11,g_a_cpu,cpu,593.435,593.781
6,11,h_a,dpu,593.783,607.714
6,11,eb_enc,cpu,607.715,607.846
6,11,eb_dec,cpu,607.848,607.975
6,11,h_s,dpu,607.975,613.314
6,11,gc,cpu,613.315,623.155
6,22,normalize,cpu,623.672,627.396
6,22,g_a_cpu,cpu,627.399,627.645
6,22,g_a,dpu,627.647,785.037
6,22,g_a,dpu,785.038,932.8
6,22,g_a_cpu,cpu,932.801,933.131
6,22,h_a,dpu,933.132,934.876
6,22,eb_enc,cpu,934.877,935.038
6,22,eb_dec,cpu,935.038,935.152
6,22,h_s,dpu,935.152,960.233
6,22,gc,cpu,960.236,969.958
6,37,normalize,cpu,970.444,974.786
6,37,g_a_cpu,cpu,974.789,975.086
6,37,g_a,dpu,975.089,1119.84
6,37,g_a,dpu,1119.85,1279.48
6,37,g_a_cpu,cpu,1279.48,1280.03
6,37,h_a,dpu,1280.04,1326.7
6,37,eb_enc,cpu,1326.7,1326.82
6,37,eb_dec,cpu,1326.82,1326.93
6,37,h_s,dpu,1326.93,1359.19
6,37,gc,cpu,1359.19,1369.01
6,49,normalize,cpu,1369.46,1373.11
6,49,g_a_cpu,cpu,1373.12,1373.41
6,49,g_a,dpu,1373.41,1469.52
6,49,g_a,dpu,1469.52,1580.39
6,49,g_a_cpu,cpu,1580.4,1580.87
6,49,h_a,dpu,1580.88,1633.54
6,49,eb_enc,cpu,1633.54,1633.7
6,49,eb_dec,cpu,1633.7,1633.83
6,49,h_s,dpu,1633.83,1638.89
6,49,gc,cpu,1638.9,1648.61
6,59,normalize,cpu,1649.03,1652.68
6,59,g_a_cpu,cpu,1652.69,1652.96
6,59,g_a,dpu,1652.96,1844.69
6,59,g_a,dpu,1844.69,1881.08
6,59,g_a_cpu,cpu,1881.08,1881.43
6,59,h_a,dpu,1881.43,1893.62
6,59,eb_enc,cpu,1893.62,1893.76
6,59,eb_dec,cpu,1893.76,1893.87
6,59,h_s,dpu,1893.87,1925.94
6,59,gc,cpu,1925.94,1936.53
6,72,normalize,cpu,1937.05,1940.72
6,72,g_a_cpu,cpu,1940.72,1941.07
6,72,g_a,dpu,1941.07,2036.18
6,72,g_a,dpu,2036.18,2144.25
6,72,g_a_cpu,cpu,2144.25,2144.84
6,72,h_a,dpu,2144.85,2157.53
6,72,eb_enc,cpu,2157.54,2157.66
6,72,eb_dec,cpu,2157.66,2157.78
6,72,h_s,dpu,2157.78,2163.3
6,72,gc,cpu,2163.3,2173.28
6,80,normalize,cpu,2173.83,2177.54
6,80,g_a_cpu,cpu,2177.54,2177.8
6,80,g_a,dpu,2177.8,2301.27
6,80,g_a,dpu,2301.27,2445.84
6,80,g_a_cpu,cpu,2445.84,2446.35
6,80,h_a,dpu,2446.35,2461.15
6,80,eb_enc,cpu,2461.15,2461.28
6,80,eb_dec,cpu,2461.28,2461.39
6,80,h_s,dpu,2461.39,2512.65
6,80,gc,cpu,2512.65,2522.58
6,94,normalize,cpu,2523.16,2526.82
6,94,g_a_cpu,cpu,2526.82,2527.27
6,94,g_a,dpu,2527.28,2596.29
6,94,g_a,dpu,2596.29,2704.03
6,94,g_a_cpu,cpu,2704.04,2704.71
6,94,h_a,dpu,2704.71,2725.29
6,94,eb_enc,cpu,2725.29,2725.43
6,94,eb_dec,cpu,2725.43,2725.54
6,94,h_s,dpu,2725.54,2743.57
6,94,gc,cpu,2743.57,2753.25
6,100,normalize,cpu,2753.72,2757.38
6,100,g_a_cpu,cpu,2757.38,2757.67
6,100,g_a,dpu,2757.67,2856.31
6,100,g_a,dpu,2856.31,3001.98
6,100,g_a_cpu,cpu,3001.98,3002.32
6,100,h_a,dpu,3002.32,3016.76
6,100,eb_enc,cpu,3016.76,3016.89
6,100,eb_dec,cpu,3016.89,3017
6,100,h_s,dpu,3017,3021.33
6,100,gc,cpu,3021.33,3031.12
6,110,normalize,cpu,3031.7,3035.4
6,110,g_a_cpu,cpu,3035.41,3035.66
6,110,g_a,dpu,3035.66,3165.49
6,110,g_a,dpu,3165.49,3201.77
6,110,g_a_cpu,cpu,3201.77,3202.31
6,110,h_a,dpu,3202.31,3309.46
6,110,eb_enc,cpu,3309.46,3309.61
6,110,eb_dec,cpu,3309.61,3309.72
6,110,h_s,dpu,3309.72,3313.79
6,110,gc,cpu,3313.79,3323.92
6,119,normalize,cpu,3324.53,3328.25
6,119,g_a_cpu,cpu,3328.26,3328.59
6,119,g_a,dpu,3328.59,3428.26
6,119,g_a,dpu,3428.26,3536.93
6,119,g_a_cpu,cpu,3536.93,3537.43
6,119,h_a,dpu,3537.44,3587.21
6,119,eb_enc,cpu,3587.21,3587.38
6,119,eb_dec,cpu,3587.38,3587.52
6,119,h_s,dpu,3587.52,3588.95
6,119,gc,cpu,3588.95,3598.94
6,129,normalize,cpu,3599.42,3603.08
6,129,g_a_cpu,cpu,3603.09,3603.33
6,129,g_a,dpu,3603.33,3724.11
6,129,g_a,dpu,3724.11,3871.54
6,129,g_a_cpu,cpu,3871.54,3871.93
6,129,h_a,dpu,3871.94,3888.25
6,129,eb_enc,cpu,3888.25,3888.37
6,129,eb_dec,cpu,3888.37,3888.48
6,129,h_s,dpu,3888.48,3905.95
6,129,gc,cpu,3905.95,3916.43
6,141,normalize,cpu,3917,3920.67
6,141,g_a_cpu,cpu,3920.67,3921.18
6,141,g_a,dpu,3921.18,4022.18
6,141,g_a,dpu,4022.18,4168.42
6,141,g_a_cpu,cpu,4168.42,4168.77
6,141,h_a,dpu,4168.77,4170.58
6,141,eb_enc,cpu,4170.58,4170.73
6,141,eb_dec,cpu,4170.73,4170.85
6,141,h_s,dpu,4170.85,4238.82
6,141,gc,cpu,4238.83,4249.85
6,155,normalize,cpu,4250.41,4254.1
6,155,g_a_cpu,cpu,4254.1,4254.44
6,155,g_a,dpu,4254.44,4358.25
6,155,g_a,dpu,4358.25,4468.29
6,155,g_a_cpu,cpu,4468.29,4468.62
6,155,h_a,dpu,4468.62,4470.39
6,155,eb_enc,cpu,4470.39,4470.53
6,155,eb_dec,cpu,4470.53,4470.65
6,155,h_s,dpu,4470.65,4486.2
6,155,gc,cpu,4486.2,4496.03
6,164,normalize,cpu,4496.5,4500.26
6,164,g_a_cpu,cpu,4500.26,4500.56
6,164,g_a,dpu,4500.56,4618.6
6,164,g_a,dpu,4618.61,4765.53
6,164,g_a_cpu,cpu,4765.53,4766.05
6,164,h_a,dpu,4766.05,4793.62
6,164,eb_enc,cpu,4793.63,4793.78
6,164,eb_dec,cpu,4793.78,4793.89
6,164,h_s,dpu,4793.9,4879.12
6,164,gc,cpu,4879.12,4889.33
6,175,normalize,cpu,4889.85,4893.58
6,175,g_a_cpu,cpu,4893.59,4893.94
6,175,g_a,dpu,4893.94,4970.05
6,175,g_a,dpu,4970.05,5114.75
6,175,g_a_cpu,cpu,5114.75,5115.19
6,175,h_a,dpu,5115.19,5158.94
6,175,eb_enc,cpu,5158.94,5159.09
6,175,eb_dec,cpu,5159.09,5159.21
6,175,h_s,dpu,5159.21,5164.44
6,175,gc,cpu,5164.45,5174.55
6,186,normalize,cpu,5175.12,5178.86
6,186,g_a_cpu,cpu,5178.86,5179.15
6,186,g_a,dpu,5179.16,5276.21
6,186,g_a,dpu,5276.21,5421.07
6,186,g_a_cpu,cpu,5421.07,5421.59
6,186,h_a,dpu,5421.59,5428.31
6,186,eb_enc,cpu,5428.31,5428.44
6,186,eb_dec,cpu,5428.44,5428.56
6,186,h_s,dpu,5428.56,5429.73
6,186,gc,cpu,5429.73,5439.66
6,196,normalize,cpu,5440.13,5443.86
6,196,g_a_cpu,cpu,5443.86,5444.12
6,196,g_a,dpu,5444.12,5569.86
6,196,g_a,dpu,5569.86,5714.28
6,196,g_a_cpu,cpu,5714.28,5714.78
6,196,h_a,dpu,5714.78,5716.25
6,196,eb_enc,cpu,5716.25,5716.37
6,196,eb_dec,cpu,5716.37,5716.49
6,196,h_s,dpu,5716.49,5749.33
6,196,gc,cpu,5749.33,5759.38
6,206,normalize,cpu,5759.87,5763.54
6,206,g_a_cpu,cpu,5763.54,5763.81
6,206,g_a,dpu,5763.82,5868.18
6,206,g_a,dpu,5868.18,6013.1
6,206,g_a_cpu,cpu,6013.1,6013.67
6,206,h_a,dpu,6013.67,6024.7
6,206,eb_enc,cpu,6024.7,6024.86
6,206,eb_dec,cpu,6024.86,6024.97
6,206,h_s,dpu,6024.97,6044.98
6,206,gc,cpu,6044.98,6055.4
6,216,normalize,cpu,6056.26,6059.88
6,216,g_a_cpu,cpu,6059.89,6060.43
6,216,g_a,dpu,6060.43,6132.32
6,216,g_a,dpu,6132.32,6240.97
6,216,g_a_cpu,cpu,6240.97,6241.33
6,216,h_a,dpu,6241.33,6290.56
6,216,eb_enc,cpu,6290.56,6290.71
6,216,eb_dec,cpu,6290.71,6290.83
6,216,h_s,dpu,6290.83,6293.72
6,216,gc,cpu,6293.72,6303.85
6,227,normalize,cpu,6304.44,6308.07
6,227,g_a_cpu,cpu,6308.07,6308.34
6,227,g_a,dpu,6308.35,6429.48
6,227,g_a,dpu,6429.48,6465.85
6,227,g_a_cpu,cpu,6465.85,6466.17
6,227,h_a,dpu,6466.17,6514.92
6,227,eb_enc,cpu,6514.92,6515.04
6,227,eb_dec,cpu,6515.04,6515.15
6,227,h_s,dpu,6515.15,6534.97
6,227,gc,cpu,6534.97,6545.21
6,234,normalize,cpu,6545.74,6549.41
6,234,g_a_cpu,cpu,6549.41,6549.67
6,234,g_a,dpu,6549.68,6652.37
6,234,g_a,dpu,6652.37,6764.15
6,234,g_a_cpu,cpu,6764.15,6764.73
6,234,h_a,dpu,6764.73,6777.54
6,234,eb_enc,cpu,6777.54,6777.66
6,234,eb_dec,cpu,6777.66,6777.77
6,234,h_s,dpu,6777.77,6799.56
6,234,gc,cpu,6799.57,6809.41
6,245,normalize,cpu,6809.88,6813.55
6,245,g_a_cpu,cpu,6813.55,6813.9
6,245,g_a,dpu,6813.9,6913.35
6,245,g_a,dpu,6913.35,7023.48
6,245,g_a_cpu,cpu,7023.48,7024.03
6,245,h_a,dpu,7024.03,7074.38
6,245,eb_enc,cpu,7074.38,7074.54
6,245,eb_dec,cpu,7074.54,7074.66
6,245,h_s,dpu,7074.66,7084.66
6,245,gc,cpu,7084.66,7094.57
6,255,normalize,cpu,7095.04,7100.86
6,255,g_a_cpu,cpu,7100.87,7101.26
6,255,g_a,dpu,7101.26,7281.32
6,255,g_a,dpu,7281.32,7317.66
6,255,g_a_cpu,cpu,7317.66,7318
6,255,h_a,dpu,7318,7336.17
6,255,eb_enc,cpu,7336.17,7336.33
6,255,eb_dec,cpu,7336.33,7336.44
6,255,h_s,dpu,7336.44,7339.28
6,255,gc,cpu,7339.29,7349.1
6,264,normalize,cpu,7349.65,7353.35
6,264,g_a_cpu,cpu,7353.35,7353.53
6,264,g_a,dpu,7353.53,7483.68
6,264,g_a,dpu,7483.68,7629.58
6,264,g_a_cpu,cpu,7629.58,7630.01
6,264,h_a,dpu,7630.01,7631.43
6,264,eb_enc,cpu,7631.43,7631.55
6,264,eb_dec,cpu,7631.55,7631.66
6,264,h_s,dpu,7631.66,7632.73
6,264,gc,cpu,7632.73,7642.3
6,274,normalize,cpu,7642.79,7646.48
6,274,g_a_cpu,cpu,7646.48,7646.74
6,274,g_a,dpu,7646.74,7906.99
6,274,g_a,dpu,7906.99,7982.23
6,274,g_a_cpu,cpu,7982.23,7982.53
6,274,h_a,dpu,7982.53,7999.71
6,274,eb_enc,cpu,7999.71,7999.89
6,274,eb_dec,cpu,7999.89,8000.04
6,274,h_s,dpu,8000.04,8002.99
6,274,gc,cpu,8002.99,8013.51
6,291,normalize,cpu,8014.11,8017.77
6,291,g_a_cpu,cpu,8017.77,8018.15
6,291,g_a,dpu,8018.15,8131.25
6,291,g_a,dpu,8131.25,8249.31
6,291,g_a_cpu,cpu,8249.31,8249.85
6,291,h_a,dpu,8249.86,8295
6,291,eb_enc,cpu,8295,8295.13
6,291,eb_dec,cpu,8295.13,8295.25
6,291,h_s,dpu,8295.25,8316.26
6,291,gc,cpu,8316.26,8325.98
6,300,normalize,cpu,8326.48,8331.6
6,300,g_a_cpu,cpu,8331.6,8332
6,300,g_a,dpu,8332,8439.8
6,300,g_a,dpu,8439.81,8552.2
6,300,g_a_cpu,cpu,8552.21,8552.85
6,300,h_a,dpu,8552.85,8566.05
6,300,eb_enc,cpu,8566.05,8566.2
6,300,eb_dec,cpu,8566.2,8566.32
6,300,h_s,dpu,8566.32,8615.41
6,300,gc,cpu,8615.41,8625.36
6,310,normalize,cpu,8625.93,8629.66
6,310,g_a_cpu,cpu,8629.67,8629.97
6,310,g_a,dpu,8629.97,8737.12
6,310,g_a,dpu,8737.12,8853.1
6,310,g_a_cpu,cpu,8853.1,8853.47
6,310,h_a,dpu,8853.47,8865.6
6,310,eb_enc,cpu,8865.6,8865.75
6,310,eb_dec,cpu,8865.75,8865.86
6,310,h_s,dpu,8865.86,8929.42
6,310,gc,cpu,8929.42,8939.1
6,322,normalize,cpu,8939.57,8943.77
6,322,g_a_cpu,cpu,8943.78,8944.14
6,322,g_a,dpu,8944.14,9040.23
6,322,g_a,dpu,9040.23,9150.18
6,322,g_a_cpu,cpu,9150.18,9150.5
6,322,h_a,dpu,9150.5,9201.25
6,322,eb_enc,cpu,9201.25,9201.37
6,322,eb_dec,cpu,9201.37,9201.48
6,322,h_s,dpu,9201.48,9218.54
6,322,gc,cpu,9218.54,9229.51
6,332,normalize,cpu,9229.98,9233.64
6,332,g_a_cpu,cpu,9233.65,9233.9
6,332,g_a,dpu,9233.9,9372.54
6,332,g_a,dpu,9372.54,9408.83
6,332,g_a_cpu,cpu,9408.83,9409.15
6,332,h_a,dpu,9409.15,9410.7
6,332,eb_enc,cpu,9410.7,9410.82
6,332,eb_dec,cpu,9410.82,9410.94
6,332,h_s,dpu,9410.94,9476.87
6,332,gc,cpu,9476.87,9486.58
6,340,normalize,cpu,9487.02,9490.71
6,340,g_a_cpu,cpu,9490.71,9490.94
6,340,g_a,dpu,9490.95,9634.21
6,340,g_a,dpu,9634.22,9746.58
6,340,g_a_cpu,cpu,9746.58,9747.07
6,340,h_a,dpu,9747.08,9796.59
6,340,eb_enc,cpu,9796.59,9796.75
6,340,eb_dec,cpu,9796.75,9796.86
6,340,h_s,dpu,9796.86,9851.43
6,340,gc,cpu,9851.43,9861.28
6,354,normalize,cpu,9861.84,9865.53
6,354,g_a_cpu,cpu,9865.53,9865.9
6,354,g_a,dpu,9865.91,9932.95
6,354,g_a,dpu,9932.95,10042.4
6,354,g_a_cpu,cpu,10042.4,10042.9
6,354,h_a,dpu,10042.9,10067.6
6,354,eb_enc,cpu,10067.6,10067.7
6,354,eb_dec,cpu,10067.7,10067.8
6,354,h_s,dpu,10067.8,10069
6,354,gc,cpu,10069,10078.8
6,361,normalize,cpu,10079.4,10083
6,361,g_a_cpu,cpu,10083,10083.3
6,361,g_a,dpu,10083.3,10200.2
6,361,g_a,dpu,10200.2,10309.4
6,361,g_a_cpu,cpu,10309.4,10309.9
6,361,h_a,dpu,10309.9,10353.3
6,361,eb_enc,cpu,10353.3,10353.5
6,361,eb_dec,cpu,10353.5,10353.6
6,361,h_s,dpu,10353.6,10356.2
6,361,gc,cpu,10356.2,10366.1
6,371,normalize,cpu,10366.8,10370.5
6,371,g_a_cpu,cpu,10370.5,10370.8
6,371,g_a,dpu,10370.8,10508.6
6,371,g_a,dpu,10508.6,10619.2
6,371,g_a_cpu,cpu,10619.2,10619.7
6,371,h_a,dpu,10619.7,10634.5
6,371,eb_enc,cpu,10634.5,10634.6
6,371,eb_dec,cpu,10634.6,10634.7
6,371,h_s,dpu,10634.7,10636.8
6,371,gc,cpu,10636.8,10646.4
6,382,normalize,cpu,10647,10650.6
6,382,g_a_cpu,cpu,10650.6,10650.9
6,382,g_a,dpu,10650.9,10877.3
6,382,g_a,dpu,10877.3,11000
6,382,g_a_cpu,cpu,11000,11000.5
6,382,h_a,dpu,11000.5,11008.7
6,382,eb_enc,cpu,11008.7,11008.8
6,382,eb_dec,cpu,11008.8,11008.9
6,382,h_s,dpu,11008.9,11068.4
6,382,gc,cpu,11068.4,11078.2
6,398,normalize,cpu,11078.7,11082.4
6,398,g_a_cpu,cpu,11082.4,11082.7
6,398,g_a,dpu,11082.7,11193.2
6,398,g_a,dpu,11193.2,11304.2
6,398,g_a_cpu,cpu,11304.2,11304.5
6,398,h_a,dpu,11304.5,11313.4
6,398,eb_enc,cpu,11313.4,11313.6
6,398,eb_dec,cpu,11313.6,11313.7
6,398,h_s,dpu,11313.7,11350.7
6,398,gc,cpu,11350.7,11360.3
6,408,normalize,cpu,11360.8,11364.4
6,408,g_a_cpu,cpu,11364.4,11364.7
6,408,g_a,dpu,11364.7,11490
6,408,g_a,dpu,11490,11599.6
6,408,g_a_cpu,cpu,11599.6,11599.9
6,408,h_a,dpu,11599.9,11650.6
6,408,eb_enc,cpu,11650.6,11650.8
6,408,eb_dec,cpu,11650.8,11650.9
6,408,h_s,dpu,11650.9,11661.1
6,408,gc,cpu,11661.1,11670.8
6,418,normalize,cpu,11671.3,11675.1
6,418,g_a_cpu,cpu,11675.1,11675.7
6,418,g_a,dpu,11675.7,11791
6,418,g_a,dpu,11791,11899.6
6,418,g_a_cpu,cpu,11899.6,11900.1
6,418,h_a,dpu,11900.1,11917.6
6,418,eb_enc,cpu,11917.6,11917.7
6,418,eb_dec,cpu,11917.7,11917.9
6,418,h_s,dpu,11917.9,11958.3
6,418,gc,cpu,11958.3,11968.3
6,431,normalize,cpu,11968.8,11972.4
6,431,g_a_cpu,cpu,11972.4,11972.7
6,431,g_a,dpu,11972.8,12048.3
6,431,g_a,dpu,12048.3,12157
6,431,g_a_cpu,cpu,12157,12157.4
6,431,h_a,dpu,12157.4,12175.4
6,431,eb_enc,cpu,12175.4,12175.5
6,431,eb_dec,cpu,12175.5,12175.6
6,431,h_s,dpu,12175.6,12178.5
6,431,gc,cpu,12178.5,12188.5
6,441,normalize,cpu,12189,12192.7
6,441,g_a_cpu,cpu,12192.7,12193
6,441,g_a,dpu,12193,12308.3
6,441,g_a,dpu,12308.3,12418.2
6,441,g_a_cpu,cpu,12418.2,12418.7
6,441,h_a,dpu,12418.7,12436.1
6,441,eb_enc,cpu,12436.1,12436.3
6,441,eb_dec,cpu,12436.3,12436.5
6,441,h_s,dpu,12436.5,12462.1
6,441,gc,cpu,12462.1,12472.4
6,452,normalize,cpu,12473.4,12479.9
6,452,g_a_cpu,cpu,12479.9,12480.3
6,452,g_a,dpu,12480.3,12606
6,452,g_a,dpu,12606,12679.7
6,452,g_a_cpu,cpu,12679.7,12680.3
6,452,h_a,dpu,12680.3,12696.1
6,452,eb_enc,cpu,12696.1,12696.2
6,452,eb_dec,cpu,12696.2,12696.3
6,452,h_s,dpu,12696.3,12702.3
6,452,gc,cpu,12702.3,12712.7
6,460,normalize,cpu,12713.2,12718.1
6,460,g_a_cpu,cpu,12718.1,12718.6
6,460,g_a,dpu,12718.6,12828.2
6,460,g_a,dpu,12828.2,12974.4
6,460,g_a_cpu,cpu,12974.4,12974.7
6,460,h_a,dpu,12974.7,12976.4
6,460,eb_enc,cpu,12976.4,12976.6
6,460,eb_dec,cpu,12976.6,12976.7
6,460,h_s,dpu,12976.7,12978
6,460,gc,cpu,12978,12988
6,469,normalize,cpu,12988.8,12992.6
6,469,g_a_cpu,cpu,12992.6,12993.3
6,469,g_a,dpu,12993.3,13138.7
6,469,g_a,dpu,13138.7,13247.6
6,469,g_a_cpu,cpu,13247.6,13247.9
6,469,h_a,dpu,13247.9,13249.8
6,469,eb_enc,cpu,13249.8,13250
6,469,eb_dec,cpu,13250,13250.1
6,469,h_s,dpu,13250.1,13274
6,469,gc,cpu,13274,13283.7
6,483,normalize,cpu,13284.2,13287.9
6,483,g_a_cpu,cpu,13287.9,13288.2
6,483,g_a,dpu,13288.2,13404.5
6,483,g_a,dpu,13404.5,13556.3
6,483,g_a_cpu,cpu,13556.3,13556.9
6,483,h_a,dpu,13556.9,13569.7
6,483,eb_enc,cpu,13569.7,13569.9
6,483,eb_dec,cpu,13569.9,13570
6,483,h_s,dpu,13570,13617.5
6,483,gc,cpu,13617.5,13627.4
6,495,normalize,cpu,13628,13632.3
6,495,g_a_cpu,cpu,13632.3,13632.6
6,495,g_a,dpu,13632.6,13777.1
6,495,g_a,dpu,13777.1,13928.5
6,495,g_a_cpu,cpu,13928.5,13929
6,495,h_a,dpu,13929,13976.9
6,495,eb_enc,cpu,13976.9,13977
6,495,eb_dec,cpu,13977,13977.1
6,495,h_s,dpu,13977.1,13995.3
6,495,gc,cpu,13995.3,14005.6
6,505,normalize,cpu,14006.2,14009.9
6,505,g_a_cpu,cpu,14009.9,14010.2
6,505,g_a,dpu,14010.2,14080.3
6,505,g_a,dpu,14080.3,14225.9
6,505,g_a_cpu,cpu,14225.9,14226.2
6,505,h_a,dpu,14226.2,14239.5
6,505,eb_enc,cpu,14239.5,14239.7
6,505,eb_dec,cpu,14239.7,14239.8
6,505,h_s,dpu,14239.8,14261.3
6,505,gc,cpu,14261.3,14271.4
6,515,normalize,cpu,14271.9,14275.6
6,515,g_a_cpu,cpu,14275.6,14275.8
6,515,g_a,dpu,14275.9,14379.1
6,515,g_a,dpu,14379.1,14524.3
6,515,g_a_cpu,cpu,14524.3,14524.7
6,515,h_a,dpu,14524.7,14540.3
6,515,eb_enc,cpu,14540.3,14540.5
6,515,eb_dec,cpu,14540.5,14540.6
6,515,h_s,dpu,14540.6,14542.5
6,515,gc,cpu,14542.5,14552.2
6,525,normalize,cpu,14552.8,14556.5
6,525,g_a_cpu,cpu,14556.5,14556.7
6,525,g_a,dpu,14556.7,14710.7
6,525,g_a,dpu,14710.7,14820.4
6,525,g_a_cpu,cpu,14820.4,14820.8
6,525,h_a,dpu,14820.8,14836.6
6,525,eb_enc,cpu,14836.6,14836.7
6,525,eb_dec,cpu,14836.7,14836.8
6,525,h_s,dpu,14836.8,14853.7
6,525,gc,cpu,14853.7,14863.6
6,536,normalize,cpu,14864.2,14867.8
6,536,g_a_cpu,cpu,14867.8,14868.2
6,536,g_a,dpu,14868.2,14980.5
6,536,g_a,dpu,14980.5,15092.2
6,536,g_a_cpu,cpu,15092.2,15092.7
6,536,h_a,dpu,15092.7,15135.2
6,536,eb_enc,cpu,15135.2,15135.3
6,536,eb_dec,cpu,15135.3,15135.4
6,536,h_s,dpu,15135.4,15161.7
6,536,gc,cpu,15161.7,15171.7
6,548,normalize,cpu,15172.6,15176.4
6,548,g_a_cpu,cpu,15176.4,15176.7
6,548,g_a,dpu,15176.7,15276.2
6,548,g_a,dpu,15276.3,15422.1
6,548,g_a_cpu,cpu,15422.1,15422.5
6,548,h_a,dpu,15422.5,15424.4
6,548,eb_enc,cpu,15424.4,15424.6
6,548,eb_dec,cpu,15424.6,15424.7
6,548,h_s,dpu,15424.7,15463.5
6,548,gc,cpu,15463.5,15473.1
6,559,normalize,cpu,15473.6,15480.8
6,559,g_a_cpu,cpu,15480.8,15481.2
6,559,g_a,dpu,15481.2,15574.1
6,559,g_a,dpu,15574.1,15724.4
6,559,g_a_cpu,cpu,15724.4,15725
6,559,h_a,dpu,15725,15743.6
6,559,eb_enc,cpu,15743.6,15743.7
6,559,eb_dec,cpu,15743.7,15743.8
6,559,h_s,dpu,15743.8,15769.5
6,559,gc,cpu,15769.5,15779.9
6,572,normalize,cpu,15780.4,15784
6,572,g_a_cpu,cpu,15784,15784.3
6,572,g_a,dpu,15784.3,15876.2
6,572,g_a,dpu,15876.2,16021.1
6,572,g_a_cpu,cpu,16021.1,16021.5
6,572,h_a,dpu,16021.5,16023
6,572,eb_enc,cpu,16023,16023.1
6,572,eb_dec,cpu,16023.1,16023.2
6,572,h_s,dpu,16023.2,16037.4
6,572,gc,cpu,16037.4,16048.9
6,580,normalize,cpu,16049.4,16053.1
6,580,g_a_cpu,cpu,16053.1,16053.4
6,580,g_a,dpu,16053.4,16176.7
6,580,g_a,dpu,16176.7,16285.3
6,580,g_a_cpu,cpu,16285.3,16285.8
6,580,h_a,dpu,16285.8,16299.8
6,580,eb_enc,cpu,16299.8,16299.9
6,580,eb_dec,cpu,16299.9,16300
6,580,h_s,dpu,16300,16315.8
6,580,gc,cpu,16315.8,16328.1
6,591,normalize,cpu,16328.7,16332.3
6,591,g_a_cpu,cpu,16332.3,16332.7
6,591,g_a,dpu,16332.7,16435.7
6,591,g_a,dpu,16435.7,16581.2
6,591,g_a_cpu,cpu,16581.2,16581.5
6,591,h_a,dpu,16581.5,16583.3
6,591,eb_enc,cpu,16583.3,16583.4
6,591,eb_dec,cpu,16583.4,16583.5
6,591,h_s,dpu,16583.5,16612.6
6,591,gc,cpu,16612.6,16625.6
6,602,normalize,cpu,16626.1,16629.8
6,602,g_a_cpu,cpu,16629.8,16630.2
6,602,g_a,dpu,16630.2,16890.3
6,602,g_a,dpu,16890.3,17000
6,602,g_a_cpu,cpu,17000,17000.3
6,602,h_a,dpu,17000.3,17058
6,602,eb_enc,cpu,17058,17058.1
6,602,eb_dec,cpu,17058.1,17058.2
6,602,h_s,dpu,17058.2,17073.2
6,602,gc,cpu,17073.2,17083
6,618,normalize,cpu,17083.5,17087.1
6,618,g_a_cpu,cpu,17087.2,17087.4
6,618,g_a,dpu,17087.4,17186.6
6,618,g_a,dpu,17186.6,17296.6
6,618,g_a_cpu,cpu,17296.6,17297
6,618,h_a,dpu,17297,17349.2
6,618,eb_enc,cpu,17349.2,17349.3
6,618,eb_dec,cpu,17349.3,17349.4
6,618,h_s,dpu,17349.4,17360.2
6,618,gc,cpu,17360.2,17370.3
6,630,normalize,cpu,17370.9,17375.4
6,630,g_a_cpu,cpu,17375.4,17375.7
6,630,g_a,dpu,17375.7,17489.2
6,630,g_a,dpu,17489.2,17598.8
6,630,g_a_cpu,cpu,17598.8,17599.2
6,630,h_a,dpu,17599.2,17617.3
6,630,eb_enc,cpu,17617.3,17617.4
6,630,eb_dec,cpu,17617.4,17617.5
6,630,h_s,dpu,17617.5,17644.8
6,630,gc,cpu,17644.8,17654.8
6,640,normalize,cpu,17655.3,17658.9
6,640,g_a_cpu,cpu,17658.9,17659.3
6,640,g_a,dpu,17659.3,17782.1
6,640,g_a,dpu,17782.1,17929.1
6,640,g_a_cpu,cpu,17929.1,17929.5
6,640,h_a,dpu,17929.5,17982.8
6,640,eb_enc,cpu,17982.8,17983
6,640,eb_dec,cpu,17983,17983.1
6,640,h_s,dpu,17983.1,18035.6
6,640,gc,cpu,18035.6,18046.6
6,652,normalize,cpu,18047.2,18050.8
6,652,g_a_cpu,cpu,18050.8,18051.2
6,652,g_a,dpu,18051.2,18087.9
6,652,g_a,dpu,18087.9,18161.6
6,652,g_a_cpu,cpu,18161.6,18162
6,652,h_a,dpu,18162,18201.3
6,652,eb_enc,cpu,18201.3,18201.4
6,652,eb_dec,cpu,18201.4,18201.5
6,652,h_s,dpu,18201.5,18230.7
6,652,gc,cpu,18230.7,18241.8
6,660,normalize,cpu,18242.4,18246
6,660,g_a_cpu,cpu,18246,18246.4
6,660,g_a,dpu,18246.4,18344.6
6,660,g_a,dpu,18344.6,18455.6
6,660,g_a_cpu,cpu,18455.6,18456.1
6,660,h_a,dpu,18456.1,18475.6
6,660,eb_enc,cpu,18475.6,18475.7
6,660,eb_dec,cpu,18475.7,18475.8
6,660,h_s,dpu,18475.8,18508.6
6,660,gc,cpu,18508.6,18518.6
6,672,normalize,cpu,18519.1,18522.8
6,672,g_a_cpu,cpu,18522.8,18523.1
6,672,g_a,dpu,18523.1,18642.3
6,672,g_a,dpu,18642.3,18753.1
6,672,g_a_cpu,cpu,18753.1,18753.8
6,672,h_a,dpu,18753.8,18811.4
6,672,eb_enc,cpu,18811.4,18811.5
6,672,eb_dec,cpu,18811.5,18811.7
6,672,h_s,dpu,18811.7,18839.8
6,672,gc,cpu,18839.8,18849.5
6,684,normalize,cpu,18850,18854.5
6,684,g_a_cpu,cpu,18854.5,18854.8
6,684,g_a,dpu,18854.8,18955.2
6,684,g_a,dpu,18955.2,19136.6
6,684,g_a_cpu,cpu,19136.6,19137.2
6,684,h_a,dpu,19137.2,19153.5
6,684,eb_enc,cpu,19153.5,19153.6
6,684,eb_dec,cpu,19153.6,19153.8
6,684,h_s,dpu,19153.8,19157.9
6,684,gc,cpu,19157.9,19168.4
6,697,normalize,cpu,19169.4,19173.2
6,697,g_a_cpu,cpu,19173.2,19173.7
6,697,g_a,dpu,19173.7,19287.9
6,697,g_a,dpu,19287.9,19397.8
6,697,g_a_cpu,cpu,19397.8,19398.1
6,697,h_a,dpu,19398.1,19400.1
6,697,eb_enc,cpu,19400.1,19400.3
6,697,eb_dec,cpu,19400.3,19400.4
6,697,h_s,dpu,19400.4,19417.8
6,697,gc,cpu,19417.8,19427.8
6,707,normalize,cpu,19428.4,19432
6,707,g_a_cpu,cpu,19432,19432.3
6,707,g_a,dpu,19432.3,19552
6,707,g_a,dpu,19552,19696.7
6,707,g_a_cpu,cpu,19696.7,19697.1
6,707,h_a,dpu,19697.1,19700
6,707,eb_enc,cpu,19700,19700.2
6,707,eb_dec,cpu,19700.2,19700.3
6,707,h_s,dpu,19700.3,19727.3
6,707,gc,cpu,19727.3,19737
6,720,normalize,cpu,19737.5,19741.2
6,720,g_a_cpu,cpu,19741.2,19741.5
6,720,g_a,dpu,19741.5,19860.3
6,720,g_a,dpu,19860.3,20005.5
6,720,g_a_cpu,cpu,20005.5,20005.9
6,720,h_a,dpu,20005.9,20007.7
6,720,eb_enc,cpu,20007.7,20007.9
6,720,eb_dec,cpu,20007.9,20008
6,720,h_s,dpu,20008,20101.7
6,720,gc,cpu,20101.7,20111.4
6,730,normalize,cpu,20111.9,20115.5
6,730,g_a_cpu,cpu,20115.5,20115.8
6,730,g_a,dpu,20115.8,20232.9
6,730,g_a,dpu,20232.9,20309.4
6,730,g_a_cpu,cpu,20309.4,20310.1
6,730,h_a,dpu,20310.1,20361.2
6,730,eb_enc,cpu,20361.2,20361.3
6,730,eb_dec,cpu,20361.3,20361.4
6,730,h_s,dpu,20361.4,20415.5
6,730,gc,cpu,20415.5,20425.2
6,741,normalize,cpu,20425.7,20429.4
6,741,g_a_cpu,cpu,20429.4,20429.7
6,741,g_a,dpu,20429.7,20566.5
6,741,g_a,dpu,20566.5,20692.2
6,741,g_a_cpu,cpu,20692.2,20692.7
6,741,h_a,dpu,20692.7,20799.3
6,741,eb_enc,cpu,20799.3,20799.4
6,741,eb_dec,cpu,20799.4,20799.5
6,741,h_s,dpu,20799.5,20802.6
6,741,gc,cpu,20802.6,20812.7
6,754,normalize,cpu,20813.4,20817.2
6,754,g_a_cpu,cpu,20817.2,20817.7
6,754,g_a,dpu,20817.7,20854.7
6,754,g_a,dpu,20854.7,20999.2
6,754,g_a_cpu,cpu,20999.2,20999.7
6,754,h_a,dpu,20999.7,21046.9
6,754,eb_enc,cpu,21046.9,21047.1
6,754,eb_dec,cpu,21047.1,21047.2
6,754,h_s,dpu,21047.2,21050.9
6,754,gc,cpu,21050.9,21060.8
6,761,normalize,cpu,21061.3,21065
6,761,g_a_cpu,cpu,21065,21065.2
6,761,g_a,dpu,21065.2,21161.3
6,761,g_a,dpu,21161.3,21305.1
6,761,g_a_cpu,cpu,21305.1,21305.6
6,761,h_a,dpu,21305.6,21314
6,761,eb_enc,cpu,21314,21314.1
6,761,eb_dec,cpu,21314.1,21314.3
6,761,h_s,dpu,21314.3,21319.3
6,761,gc,cpu,21319.3,21329
6,771,normalize,cpu,21329.5,21333.2
6,771,g_a_cpu,cpu,21333.2,21333.5
6,771,g_a,dpu,21333.5,21476.1
6,771,g_a,dpu,21476.1,21620.2
6,771,g_a_cpu,cpu,21620.2,21620.8
6,771,h_a,dpu,21620.8,21625.5
6,771,eb_enc,cpu,21625.5,21625.6
6,771,eb_dec,cpu,21625.6,21625.7
6,771,h_s,dpu,21625.7,21628.5
6,771,gc,cpu,21628.5,21638.3
6,781,normalize,cpu,21638.8,21642.4
6,781,g_a_cpu,cpu,21642.4,21642.7
6,781,g_a,dpu,21642.7,21780.9
6,781,g_a,dpu,21780.9,21924.4
6,781,g_a_cpu,cpu,21924.4,21924.8
6,781,h_a,dpu,21924.8,21934.6
6,781,eb_enc,cpu,21934.6,21934.7
6,781,eb_dec,cpu,21934.7,21934.8
6,781,h_s,dpu,21934.8,21937.6
6,781,gc,cpu,21937.6,21947.7
6,791,normalize,cpu,21948.2,21951.8
6,791,g_a_cpu,cpu,21951.8,21952.1
6,791,g_a,dpu,21952.1,22080.2
6,791,g_a,dpu,22080.2,22223.7
6,791,g_a_cpu,cpu,22223.7,22224.2
6,791,h_a,dpu,22224.2,22232.4
6,791,eb_enc,cpu,22232.4,22232.6
6,791,eb_dec,cpu,22232.6,22232.7
6,791,h_s,dpu,22232.7,22235.6
6,791,gc,cpu,22235.6,22245.9
6,802,normalize,cpu,22246.3,22250
6,802,g_a_cpu,cpu,22250,22250.3
6,802,g_a,dpu,22250.3,22487.2
6,802,g_a,dpu,22487.2,22598.1
6,802,g_a_cpu,cpu,22598.1,22598.4
6,802,h_a,dpu,22598.4,22614.8
6,802,eb_enc,cpu,22614.8,22615
6,802,eb_dec,cpu,22615,22615.1
6,802,h_s,dpu,22615.1,22668.1
6,802,gc,cpu,22668.1,22678.1
6,819,normalize,cpu,22679.3,22683
6,819,g_a_cpu,cpu,22683,22683.3
6,819,g_a,dpu,22683.3,22824.5
6,819,g_a,dpu,22824.5,22938.3
6,819,g_a_cpu,cpu,22938.3,22938.6
6,819,h_a,dpu,22938.6,23001.4
6,819,eb_enc,cpu,23001.4,23001.6
6,819,eb_dec,cpu,23001.6,23001.7
6,819,h_s,dpu,23001.7,23029.4
6,819,gc,cpu,23029.4,23039.6
6,830,normalize,cpu,23040.1,23043.7
6,830,g_a_cpu,cpu,23043.7,23044
6,830,g_a,dpu,23044,23124.3
6,830,g_a,dpu,23124.3,23272.1
6,830,g_a_cpu,cpu,23272.1,23272.6
6,830,h_a,dpu,23272.6,23323.3
6,830,eb_enc,cpu,23323.3,23323.5
6,830,eb_dec,cpu,23323.5,23323.6
6,830,h_s,dpu,23323.6,23334.8
6,830,gc,cpu,23334.8,23345.1
6,841,normalize,cpu,23346,23350.9
6,841,g_a_cpu,cpu,23350.9,23351.2
6,841,g_a,dpu,23351.2,23460.2
6,841,g_a,dpu,23460.2,23570
6,841,g_a_cpu,cpu,23570,23570.5
6,841,h_a,dpu,23570.5,23589.5
6,841,eb_enc,cpu,23589.5,23589.6
6,841,eb_dec,cpu,23589.6,23589.7
6,841,h_s,dpu,23589.7,23606.8
6,841,gc,cpu,23606.8,23616.9
6,853,normalize,cpu,23617.4,23621.1
6,853,g_a_cpu,cpu,23621.1,23621.3
6,853,g_a,dpu,23621.3,23718.8
6,853,g_a,dpu,23718.8,23828.7
6,853,g_a_cpu,cpu,23828.7,23829.3
6,853,h_a,dpu,23829.3,23848.6
6,853,eb_enc,cpu,23848.6,23848.7
6,853,eb_dec,cpu,23848.7,23848.8
6,853,h_s,dpu,23848.8,23864.6
6,853,gc,cpu,23864.6,23874.7
6,863,normalize,cpu,23875.2,23878.8
6,863,g_a_cpu,cpu,23878.8,23879.1
6,863,g_a,dpu,23879.1,24012.8
6,863,g_a,dpu,24012.9,24122.9
6,863,g_a_cpu,cpu,24122.9,24123.5
6,863,h_a,dpu,24123.5,24142.7
6,863,eb_enc,cpu,24142.7,24142.8
6,863,eb_dec,cpu,24142.8,24142.9
6,863,h_s,dpu,24142.9,24162.1
6,863,gc,cpu,24162.1,24171.8
6,876,normalize,cpu,24172.3,24176
6,876,g_a_cpu,cpu,24176,24176.2
6,876,g_a,dpu,24176.3,24311.9
6,876,g_a,dpu,24311.9,24386.3
6,876,g_a_cpu,cpu,24386.3,24386.7
6,876,h_a,dpu,24386.7,24388.4
6,876,eb_enc,cpu,24388.4,24388.5
6,876,eb_dec,cpu,24388.5,24388.6
6,876,h_s,dpu,24388.6,24474.5
6,876,gc,cpu,24474.5,24484.5
6,887,normalize,cpu,24485,24488.7
6,887,g_a_cpu,cpu,24488.7,24489
6,887,g_a,dpu,24489,24608.2
6,887,g_a,dpu,24608.2,24683.3
6,887,g_a_cpu,cpu,24683.3,24683.6
6,887,h_a,dpu,24683.6,24699.7
6,887,eb_enc,cpu,24699.7,24699.8
6,887,eb_dec,cpu,24699.8,24699.9
6,887,h_s,dpu,24699.9,24738.5
6,887,gc,cpu,24738.5,24748.4
6,898,normalize,cpu,24748.8,24752.5
6,898,g_a_cpu,cpu,24752.5,24752.7
6,898,g_a,dpu,24752.7,24868.5
6,898,g_a,dpu,24868.5,24978.6
6,898,g_a_cpu,cpu,24978.6,24979.2
6,898,h_a,dpu,24979.2,24981.1
6,898,eb_enc,cpu,24981.1,24981.3
6,898,eb_dec,cpu,24981.3,24981.4
6,898,h_s,dpu,24981.4,25050.7
6,898,gc,cpu,25050.7,25060.7
6,908,normalize,cpu,25061.1,25064.8
6,908,g_a_cpu,cpu,25064.8,25065.3
6,908,g_a,dpu,25065.3,25199.9
6,908,g_a,dpu,25199.9,25316.4
6,908,g_a_cpu,cpu,25316.4,25316.9
6,908,h_a,dpu,25316.9,25364.4
6,908,eb_enc,cpu,25364.4,25364.5
6,908,eb_dec,cpu,25364.5,25364.6
6,908,h_s,dpu,25364.6,25418.4
6,908,gc,cpu,25418.4,25428.5
6,920,normalize,cpu,25429,25432.6
6,920,g_a_cpu,cpu,25432.6,25433
6,920,g_a,dpu,25433,25538.1
6,920,g_a,dpu,25538.1,25648.1
6,920,g_a_cpu,cpu,25648.1,25648.6
6,920,h_a,dpu,25648.6,25665.2
6,920,eb_enc,cpu,25665.2,25665.4
6,920,eb_dec,cpu,25665.4,25665.5
6,920,h_s,dpu,25665.5,25666.7
6,920,gc,cpu,25666.7,25676.3
7,6,normalize,cpu,79.2137,82.9587
7,6,g_a_cpu,cpu,83.0469,83.5326
7,6,g_a,dpu,83.5388,155.584
7,6,g_a,dpu,155.588,263.694
7,6,g_a_cpu,cpu,263.696,264.145
7,6,h_a,dpu,264.151,304.364
7,6,eb_enc,cpu,304.385,304.509
7,6,eb_dec,cpu,304.509,304.623
7,6,h_s,dpu,304.623,374.282
7,6,gc,cpu,374.287,386.295
7,16,normalize,cpu,386.813,390.518
7,16,g_a_cpu,cpu,390.522,390.896
7,16,g_a,dpu,390.899,461.857
7,16,g_a,dpu,461.858,569.715
7,16,g_a_cpu,cpu,569.718,570.222
7,16,h_a,dpu,570.224,582.391
7,16,eb_enc,cpu,582.391,582.508
7,16,eb_dec,cpu,582.511,582.625
7,16,h_s,dpu,582.625,671.319
7,16,gc,cpu,671.319,681.302
7,26,normalize,cpu,681.812,685.531
7,26,g_a_cpu,cpu,685.535,686.021
7,26,g_a,dpu,686.026,722.52
7,26,g_a,dpu,722.521,794.436
7,26,g_a_cpu,cpu,794.44,794.865
7,26,h_a,dpu,794.869,848.456
7,26,eb_enc,cpu,848.457,848.6
7,26,eb_dec,cpu,848.601,848.721
7,26,h_s,dpu,848.721,936.951
7,26,gc,cpu,936.952,947.559
7,35,normalize,cpu,948.097,951.748
7,35,g_a_cpu,cpu,951.751,952.265
7,35,g_a,dpu,952.268,1024.84
7,35,g_a,dpu,1024.84,1096.79
7,35,g_a_cpu,cpu,1096.8,1097.24
7,35,h_a,dpu,1097.24,1111.01
7,35,eb_enc,cpu,1111.01,1111.15
7,35,eb_dec,cpu,1111.15,1111.29
7,35,h_s,dpu,1111.29,1165.2
7,35,gc,cpu,1165.21,1175.77
7,43,normalize,cpu,1176.56,1180.18
7,43,g_a_cpu,cpu,1180.18,1180.66
7,43,g_a,dpu,1180.66,1252.81
7,43,g_a,dpu,1252.81,1325.58
7,43,g_a_cpu,cpu,1325.58,1326
7,43,h_a,dpu,1326,1358.17
7,43,eb_enc,cpu,1358.17,1358.31
7,43,eb_dec,cpu,1358.31,1358.42
7,43,h_s,dpu,1358.42,1432.53
7,43,gc,cpu,1432.53,1446.63
7,53,normalize,cpu,1447.26,1450.91
7,53,g_a_cpu,cpu,1450.92,1451.25
7,53,g_a,dpu,1451.26,1523.06
7,53,g_a,dpu,1523.06,1596.42
7,53,g_a_cpu,cpu,1596.42,1596.86
7,53,h_a,dpu,1596.86,1635.83
7,53,eb_enc,cpu,1635.83,1635.95
7,53,eb_dec,cpu,1635.95,1636.07
7,53,h_s,dpu,1636.07,1694.94
7,53,gc,cpu,1694.94,1705.27
7,64,normalize,cpu,1705.84,1709.54
7,64,g_a_cpu,cpu,1709.54,1709.87
7,64,g_a,dpu,1709.87,1746.3
7,64,g_a,dpu,1746.3,1782.63
7,64,g_a_cpu,cpu,1782.63,1783.04
7,64,h_a,dpu,1783.05,1793.06
7,64,eb_enc,cpu,1793.06,1793.24
7,64,eb_dec,cpu,1793.24,1793.36
7,64,h_s,dpu,1793.36,1920.45
7,64,gc,cpu,1920.45,1930.84
7,70,normalize,cpu,1931.4,1935.13
7,70,g_a_cpu,cpu,1935.14,1935.44
7,70,g_a,dpu,1935.45,1972.28
7,70,g_a,dpu,1972.29,2009.45
7,70,g_a_cpu,cpu,2009.45,2009.83
7,70,h_a,dpu,2009.83,2082.81
7,70,eb_enc,cpu,2082.82,2082.97
7,70,eb_dec,cpu,2082.97,2083.09
7,70,h_s,dpu,2083.09,2219.61
7,70,gc,cpu,2219.61,2229.59
7,81,normalize,cpu,2230.29,2233.98
7,81,g_a_cpu,cpu,2233.99,2234.29
7,81,g_a,dpu,2234.3,2276.22
7,81,g_a,dpu,2276.22,2383.89
7,81,g_a_cpu,cpu,2383.9,2384.37
7,81,h_a,dpu,2384.37,2397.64
7,81,eb_enc,cpu,2397.64,2397.76
7,81,eb_dec,cpu,2397.76,2397.87
7,81,h_s,dpu,2397.88,2484.75
7,81,gc,cpu,2484.75,2495.05
7,90,normalize,cpu,2495.7,2499.45
7,90,g_a_cpu,cpu,2499.45,2499.79
7,90,g_a,dpu,2499.79,2536.63
7,90,g_a,dpu,2536.63,2612.3
7,90,g_a_cpu,cpu,2612.31,2612.69
7,90,h_a,dpu,2612.7,2700.29
7,90,eb_enc,cpu,2700.29,2700.44
7,90,eb_dec,cpu,2700.44,2700.57
7,90,h_s,dpu,2700.57,2779.2
7,90,gc,cpu,2779.2,2789.48
7,101,normalize,cpu,2790.19,2793.99
7,101,g_a_cpu,cpu,2794,2794.44
7,101,g_a,dpu,2794.44,2831.11
7,101,g_a,dpu,2831.12,2904.7
7,101,g_a_cpu,cpu,2904.7,2905.26
7,101,h_a,dpu,2905.26,2944.58
7,101,eb_enc,cpu,2944.58,2944.73
7,101,eb_dec,cpu,2944.73,2944.87
7,101,h_s,dpu,2944.87,3077
7,101,gc,cpu,3077,3086.95
7,112,normalize,cpu,3087.61,3091.38
7,112,g_a_cpu,cpu,3091.38,3091.79
7,112,g_a,dpu,3091.8,3128.63
7,112,g_a,dpu,3128.63,3236.48
7,112,g_a_cpu,cpu,3236.48,3236.91
7,112,h_a,dpu,3236.91,3256.5
7,112,eb_enc,cpu,3256.5,3256.64
7,112,eb_dec,cpu,3256.64,3256.76
7,112,h_s,dpu,3256.76,3350.15
7,112,gc,cpu,3350.15,3360.22
7,122,normalize,cpu,3360.73,3365.11
7,122,g_a_cpu,cpu,3365.11,3365.51
7,122,g_a,dpu,3365.52,3402.15
7,122,g_a,dpu,3402.15,3438.6
7,122,g_a_cpu,cpu,3438.6,3439.02
7,122,h_a,dpu,3439.02,3513.5
7,122,eb_enc,cpu,3513.52,3513.7
7,122,eb_dec,cpu,3513.7,3513.84
7,122,h_s,dpu,3513.84,3611.39
7,122,gc,cpu,3611.4,3621.41
7,130,normalize,cpu,3621.93,3625.61
7,130,g_a_cpu,cpu,3625.61,3625.95
7,130,g_a,dpu,3625.95,3662.58
7,130,g_a,dpu,3662.59,3699.38
7,130,g_a_cpu,cpu,3699.38,3699.82
7,130,h_a,dpu,3699.82,3782.04
7,130,eb_enc,cpu,3782.04,3782.18
7,130,eb_dec,cpu,3782.18,3782.3
7,130,h_s,dpu,3782.3,3910.69
7,130,gc,cpu,3910.69,3921.29
7,142,normalize,cpu,3921.95,3925.64
7,142,g_a_cpu,cpu,3925.64,3926.07
7,142,g_a,dpu,3926.07,3998.73
7,142,g_a,dpu,3998.73,4071.6
7,142,g_a_cpu,cpu,4071.6,4072.09
7,142,h_a,dpu,4072.09,4098.62
7,142,eb_enc,cpu,4098.62,4098.75
7,142,eb_dec,cpu,4098.75,4098.87
7,142,h_s,dpu,4098.87,4208.12
7,142,gc,cpu,4208.12,4217.83
7,153,normalize,cpu,4218.31,4222.14
7,153,g_a_cpu,cpu,4222.15,4222.62
7,153,g_a,dpu,4222.63,4297.21
7,153,g_a,dpu,4297.21,4369.84
7,153,g_a_cpu,cpu,4369.84,4370.28
7,153,h_a,dpu,4370.28,4403.26
7,153,eb_enc,cpu,4403.26,4403.4
7,153,eb_dec,cpu,4403.4,4403.53
7,153,h_s,dpu,4403.53,4509.25
7,153,gc,cpu,4509.25,4518.96
7,165,normalize,cpu,4519.47,4523.95
7,165,g_a_cpu,cpu,4523.96,4524.41
7,165,g_a,dpu,4524.41,4597.63
7,165,g_a,dpu,4597.63,4633.98
7,165,g_a_cpu,cpu,4633.98,4634.34
7,165,h_a,dpu,4634.34,4637.01
7,165,eb_enc,cpu,4637.01,4637.13
7,165,eb_dec,cpu,4637.13,4637.25
7,165,h_s,dpu,4637.25,4766.48
7,165,gc,cpu,4766.49,4776.28
7,173,normalize,cpu,4776.99,4780.65
7,173,g_a_cpu,cpu,4780.66,4781.05
7,173,g_a,dpu,4781.06,4830.3
7,173,g_a,dpu,4830.3,4866.83
7,173,g_a_cpu,cpu,4866.83,4867.19
7,173,h_a,dpu,4867.19,4884.39
7,173,eb_enc,cpu,4884.39,4884.51
7,173,eb_dec,cpu,4884.52,4884.63
7,173,h_s,dpu,4884.63,4925.61
7,173,gc,cpu,4925.61,4935.98
7,181,normalize,cpu,4936.5,4940.12
7,181,g_a_cpu,cpu,4940.13,4940.62
7,181,g_a,dpu,4940.63,5048.57
7,181,g_a,dpu,5048.57,5121.83
7,181,g_a_cpu,cpu,5121.83,5122.23
7,181,h_a,dpu,5122.23,5160.65
7,181,eb_enc,cpu,5160.65,5160.79
7,181,eb_dec,cpu,5160.79,5160.91
7,181,h_s,dpu,5160.91,5191.95
7,181,gc,cpu,5191.96,5201.78
7,189,normalize,cpu,5202.32,5206.17
7,189,g_a_cpu,cpu,5206.17,5206.54
7,189,g_a,dpu,5206.54,5243.25
7,189,g_a,dpu,5243.25,5279.59
7,189,g_a_cpu,cpu,5279.59,5279.99
7,189,h_a,dpu,5280,5325.77
7,189,eb_enc,cpu,5325.78,5325.91
7,189,eb_dec,cpu,5325.91,5326.05
7,189,h_s,dpu,5326.05,5457.74
7,189,gc,cpu,5457.74,5467.46
7,197,normalize,cpu,5467.97,5471.62
7,197,g_a_cpu,cpu,5471.62,5471.95
7,197,g_a,dpu,5471.96,5508.8
7,197,g_a,dpu,5508.8,5623.03
7,197,g_a_cpu,cpu,5623.04,5623.39
7,197,h_a,dpu,5623.39,5674.42
7,197,eb_enc,cpu,5674.42,5674.54
7,197,eb_dec,cpu,5674.54,5674.66
7,197,h_s,dpu,5674.66,5790.09
7,197,gc,cpu,5790.1,5800.59
7,209,normalize,cpu,5801.23,5805.01
7,209,g_a_cpu,cpu,5805.02,5805.41
7,209,g_a,dpu,5805.41,5842.09
7,209,g_a,dpu,5842.09,5949.99
7,209,g_a_cpu,cpu,5949.99,5950.39
7,209,h_a,dpu,5950.4,5954.62
7,209,eb_enc,cpu,5954.62,5954.74
7,209,eb_dec,cpu,5954.75,5954.86
7,209,h_s,dpu,5954.86,6054.48
7,209,gc,cpu,6054.48,6064.86
7,218,normalize,cpu,6065.38,6069.03
7,218,g_a_cpu,cpu,6069.03,6069.3
7,218,g_a,dpu,6069.3,6106.1
7,218,g_a,dpu,6106.1,6144.51
7,218,g_a_cpu,cpu,6144.51,6144.96
7,218,h_a,dpu,6144.96,6235.08
7,218,eb_enc,cpu,6235.08,6235.21
7,218,eb_dec,cpu,6235.21,6235.34
7,218,h_s,dpu,6235.34,6317.85
7,218,gc,cpu,6317.85,6328.3
7,228,normalize,cpu,6328.91,6332.57
7,228,g_a_cpu,cpu,6332.58,6332.96
7,228,g_a,dpu,6332.97,6369.76
7,228,g_a,dpu,6369.76,6442.07
7,228,g_a_cpu,cpu,6442.07,6442.57
7,228,h_a,dpu,6442.58,6494.85
7,228,eb_enc,cpu,6494.85,6494.98
7,228,eb_dec,cpu,6494.98,6495.09
7,228,h_s,dpu,6495.09,6578.33
7,228,gc,cpu,6578.33,6597.66
7,239,normalize,cpu,6598.13,6601.8
7,239,g_a_cpu,cpu,6601.8,6602.09
7,239,g_a,dpu,6602.09,6666.15
7,239,g_a,dpu,6666.16,6740.51
7,239,g_a_cpu,cpu,6740.51,6740.96
7,239,h_a,dpu,6740.96,6761.28
7,239,eb_enc,cpu,6761.28,6761.41
7,239,eb_dec,cpu,6761.41,6761.54
7,239,h_s,dpu,6761.54,6875.24
7,239,gc,cpu,6875.24,6885.17
7,249,normalize,cpu,6885.62,6889.34
7,249,g_a_cpu,cpu,6889.34,6889.75
7,249,g_a,dpu,6889.75,6962.3
7,249,g_a,dpu,6962.3,7071
7,249,g_a_cpu,cpu,7071,7071.38
7,249,h_a,dpu,7071.38,7074.87
7,249,eb_enc,cpu,7074.87,7075.04
7,249,eb_dec,cpu,7075.05,7075.17
7,249,h_s,dpu,7075.17,7135.95
7,249,gc,cpu,7135.95,7146.13
7,260,normalize,cpu,7146.75,7150.4
7,260,g_a_cpu,cpu,7150.41,7150.69
7,260,g_a,dpu,7150.7,7188.85
7,260,g_a,dpu,7188.85,7261.51
7,260,g_a_cpu,cpu,7261.51,7261.99
7,260,h_a,dpu,7262,7320.88
7,260,eb_enc,cpu,7320.88,7321.02
7,260,eb_dec,cpu,7321.02,7321.15
7,260,h_s,dpu,7321.15,7359.45
7,260,gc,cpu,7359.45,7375.49
7,268,normalize,cpu,7376.06,7379.75
7,268,g_a_cpu,cpu,7379.75,7380.1
7,268,g_a,dpu,7380.11,7446.9
7,268,g_a,dpu,7446.9,7520.3
7,268,g_a_cpu,cpu,7520.3,7520.76
7,268,h_a,dpu,7520.77,7598.8
7,268,eb_enc,cpu,7598.8,7598.93
7,268,eb_dec,cpu,7598.93,7599.05
7,268,h_s,dpu,7599.05,7685.54
7,268,gc,cpu,7685.55,7695.68
7,280,normalize,cpu,7696.31,7699.93
7,280,g_a_cpu,cpu,7699.93,7700.24
7,280,g_a,dpu,7700.25,7756.4
7,280,g_a,dpu,7756.4,7864.16
7,280,g_a_cpu,cpu,7864.16,7864.62
7,280,h_a,dpu,7864.63,7914.49
7,280,eb_enc,cpu,7914.5,7914.63
7,280,eb_dec,cpu,7914.63,7914.75
7,280,h_s,dpu,7914.75,7984.92
7,280,gc,cpu,7984.92,7994.79
7,288,normalize,cpu,7995.32,7999.02
7,288,g_a_cpu,cpu,7999.03,7999.57
7,288,g_a,dpu,7999.58,8073.73
7,288,g_a,dpu,8073.73,8145.57
7,288,g_a_cpu,cpu,8145.57,8145.93
7,288,h_a,dpu,8145.94,8155.25
7,288,eb_enc,cpu,8155.25,8155.38
7,288,eb_dec,cpu,8155.38,8155.49
7,288,h_s,dpu,8155.49,8251.14
7,288,gc,cpu,8251.14,8261.12
7,297,normalize,cpu,8261.63,8265.3
7,297,g_a_cpu,cpu,8265.3,8265.58
7,297,g_a,dpu,8265.58,8331.56
7,297,g_a,dpu,8331.56,8407.17
7,297,g_a_cpu,cpu,8407.18,8407.5
7,297,h_a,dpu,8407.5,8412.31
7,297,eb_enc,cpu,8412.31,8412.44
7,297,eb_dec,cpu,8412.44,8412.57
7,297,h_s,dpu,8412.57,8514.27
7,297,gc,cpu,8514.27,8523.89
7,307,normalize,cpu,8524.45,8528.09
7,307,g_a_cpu,cpu,8528.1,8528.35
7,307,g_a,dpu,8528.36,8564.97
7,307,g_a,dpu,8564.97,8602.06
7,307,g_a_cpu,cpu,8602.06,8602.42
7,307,h_a,dpu,8602.42,8654.89
7,307,eb_enc,cpu,8654.89,8655.01
7,307,eb_dec,cpu,8655.01,8655.13
7,307,h_s,dpu,8655.13,8739.19
7,307,gc,cpu,8739.19,8748.96
7,316,normalize,cpu,8749.51,8753.17
7,316,g_a_cpu,cpu,8753.17,8753.55
7,316,g_a,dpu,8753.56,8790.05
7,316,g_a,dpu,8790.06,8827.14
7,316,g_a_cpu,cpu,8827.15,8827.63
7,316,h_a,dpu,8827.63,8891.41
7,316,eb_enc,cpu,8891.41,8891.54
7,316,eb_dec,cpu,8891.54,8891.65
7,316,h_s,dpu,8891.66,9002
7,316,gc,cpu,9002,9012.06
7,326,normalize,cpu,9012.62,9016.27
7,326,g_a_cpu,cpu,9016.27,9016.64
7,326,g_a,dpu,9016.65,9053.16
7,326,g_a,dpu,9053.17,9125.3
7,326,g_a_cpu,cpu,9125.3,9125.89
7,326,h_a,dpu,9125.9,9129.16
7,326,eb_enc,cpu,9129.16,9129.31
7,326,eb_dec,cpu,9129.31,9129.43
7,326,h_s,dpu,9129.43,9262.02
7,326,gc,cpu,9262.02,9272.04
7,334,normalize,cpu,9272.69,9276.35
7,334,g_a_cpu,cpu,9276.35,9276.64
7,334,g_a,dpu,9276.65,9313.12
7,334,g_a,dpu,9313.12,9349.52
7,334,g_a_cpu,cpu,9349.52,9350.01
7,334,h_a,dpu,9350.01,9354.79
7,334,eb_enc,cpu,9354.8,9354.93
7,334,eb_dec,cpu,9354.93,9355.06
7,334,h_s,dpu,9355.06,9519.93
7,334,gc,cpu,9519.93,9529.76
7,341,normalize,cpu,9530.33,9534.03
7,341,g_a_cpu,cpu,9534.03,9534.32
7,341,g_a,dpu,9534.33,9570.92
7,341,g_a,dpu,9570.92,9607.53
7,341,g_a_cpu,cpu,9607.54,9607.99
7,341,h_a,dpu,9608,9612.48
7,341,eb_enc,cpu,9612.48,9612.63
7,341,eb_dec,cpu,9612.63,9612.75
7,341,h_s,dpu,9612.75,9710.78
7,341,gc,cpu,9710.78,9720.97
7,349,normalize,cpu,9721.65,9725.29
7,349,g_a_cpu,cpu,9725.3,9725.61
7,349,g_a,dpu,9725.61,9795.56
7,349,g_a,dpu,9795.56,9832.72
7,349,g_a_cpu,cpu,9832.72,9833.19
7,349,h_a,dpu,9833.19,9853.5
7,349,eb_enc,cpu,9853.5,9853.63
7,349,eb_dec,cpu,9853.63,9853.75
7,349,h_s,dpu,9853.75,9897.12
7,349,gc,cpu,9897.12,9906.78
7,358,normalize,cpu,9907.32,9910.99
7,358,g_a_cpu,cpu,9910.99,9911.31
7,358,g_a,dpu,9911.32,9992.27
7,358,g_a,dpu,9992.27,10064.1
7,358,g_a_cpu,cpu,10064.1,10064.5
7,358,h_a,dpu,10064.5,10067.6
7,358,eb_enc,cpu,10067.6,10067.7
7,358,eb_dec,cpu,10067.7,10067.8
7,358,h_s,dpu,10067.8,10121.3
7,358,gc,cpu,10121.3,10136.8
7,367,normalize,cpu,10137.4,10141.1
7,367,g_a_cpu,cpu,10141.1,10141.6
7,367,g_a,dpu,10141.6,10241.5
7,367,g_a,dpu,10241.5,10350.8
7,367,g_a_cpu,cpu,10350.8,10351.1
7,367,h_a,dpu,10351.1,10355.2
7,367,eb_enc,cpu,10355.2,10355.3
7,367,eb_dec,cpu,10355.3,10355.4
7,367,h_s,dpu,10355.4,10582.4
7,367,gc,cpu,10582.4,10592.3
7,379,normalize,cpu,10593,10596.6
7,379,g_a_cpu,cpu,10596.6,10597
7,379,g_a,dpu,10597,10633.5
7,379,g_a,dpu,10633.5,10670.5
7,379,g_a_cpu,cpu,10670.5,10671
7,379,h_a,dpu,10671,10679.3
7,379,eb_enc,cpu,10679.4,10679.5
7,379,eb_dec,cpu,10679.5,10679.6
7,379,h_s,dpu,10679.6,10804.7
7,379,gc,cpu,10804.7,10814.6
7,388,normalize,cpu,10815.1,10819.3
7,388,g_a_cpu,cpu,10819.3,10819.8
7,388,g_a,dpu,10819.8,10856.3
7,388,g_a,dpu,10856.3,10893.8
7,388,g_a_cpu,cpu,10893.8,10894.2
7,388,h_a,dpu,10894.2,10919
7,388,eb_enc,cpu,10919,10919.1
7,388,eb_dec,cpu,10919.1,10919.3
7,388,h_s,dpu,10919.3,11037.5
7,388,gc,cpu,11037.5,11047.6
7,396,normalize,cpu,11048.2,11051.9
7,396,g_a_cpu,cpu,11051.9,11052.1
7,396,g_a,dpu,11052.1,11088.7
7,396,g_a,dpu,11088.7,11126.2
7,396,g_a_cpu,cpu,11126.2,11126.9
7,396,h_a,dpu,11126.9,11147.1
7,396,eb_enc,cpu,11147.1,11147.3
7,396,eb_dec,cpu,11147.3,11147.4
7,396,h_s,dpu,11147.4,11231.4
7,396,gc,cpu,11231.4,11241.5
7,406,normalize,cpu,11242,11245.6
7,406,g_a_cpu,cpu,11245.6,11246
7,406,g_a,dpu,11246,11312.4
7,406,g_a,dpu,11312.5,11349.4
7,406,g_a_cpu,cpu,11349.4,11350.1
7,406,h_a,dpu,11350.1,11389
7,406,eb_enc,cpu,11389,11389.1
7,406,eb_dec,cpu,11389.1,11389.3
7,406,h_s,dpu,11389.3,11492
7,406,gc,cpu,11492,11501.6
7,415,normalize,cpu,11502.1,11505.9
7,415,g_a_cpu,cpu,11505.9,11506.4
7,415,g_a,dpu,11506.4,11576.9
7,415,g_a,dpu,11576.9,11649.5
7,415,g_a_cpu,cpu,11649.5,11650
7,415,h_a,dpu,11650,11660.1
7,415,eb_enc,cpu,11660.1,11660.2
7,415,eb_dec,cpu,11660.2,11660.4
7,415,h_s,dpu,11660.4,11755.1
7,415,gc,cpu,11755.1,11766
7,424,normalize,cpu,11766.5,11770.2
7,424,g_a_cpu,cpu,11770.3,11770.6
7,424,g_a,dpu,11770.6,11878.6
7,424,g_a,dpu,11878.6,11915.9
7,424,g_a_cpu,cpu,11915.9,11916.2
7,424,h_a,dpu,11916.2,11956.9
7,424,eb_enc,cpu,11956.9,11957.1
7,424,eb_dec,cpu,11957.1,11957.2
7,424,h_s,dpu,11957.2,12011.6
7,424,gc,cpu,12011.6,12021.5
7,434,normalize,cpu,12022,12025.8
7,434,g_a_cpu,cpu,12025.8,12026.3
7,434,g_a,dpu,12026.3,12100.2
7,434,g_a,dpu,12100.2,12173.2
7,434,g_a_cpu,cpu,12173.2,12173.7
7,434,h_a,dpu,12173.7,12176.9
7,434,eb_enc,cpu,12176.9,12177
7,434,eb_dec,cpu,12177,12177.1
7,434,h_s,dpu,12177.1,12270.1
7,434,gc,cpu,12270.1,12280
7,444,normalize,cpu,12280.6,12284.2
7,444,g_a_cpu,cpu,12284.2,12284.5
7,444,g_a,dpu,12284.5,12323.6
7,444,g_a,dpu,12323.6,12395.6
7,444,g_a_cpu,cpu,12395.6,12396
7,444,h_a,dpu,12396,12420.6
7,444,eb_enc,cpu,12420.6,12420.7
7,444,eb_dec,cpu,12420.7,12420.8
7,444,h_s,dpu,12420.8,12457.9
7,444,gc,cpu,12457.9,12467.9
7,451,normalize,cpu,12468.5,12472.1
7,451,g_a_cpu,cpu,12472.1,12472.8
7,451,g_a,dpu,12472.8,12548.2
7,451,g_a,dpu,12548.2,12621.3
7,451,g_a_cpu,cpu,12621.3,12621.7
7,451,h_a,dpu,12621.7,12652.8
7,451,eb_enc,cpu,12652.8,12652.9
7,451,eb_dec,cpu,12652.9,12653.1
7,451,h_s,dpu,12653.1,12719.9
7,451,gc,cpu,12719.9,12729.8
7,462,normalize,cpu,12730.2,12734
7,462,g_a_cpu,cpu,12734,12734.7
7,462,g_a,dpu,12734.7,12808.4
7,462,g_a,dpu,12808.4,12880.4
7,462,g_a_cpu,cpu,12880.4,12880.9
7,462,h_a,dpu,12880.9,12895.2
7,462,eb_enc,cpu,12895.2,12895.3
7,462,eb_dec,cpu,12895.3,12895.4
7,462,h_s,dpu,12895.4,12988.6
7,462,gc,cpu,12988.6,12999
7,473,normalize,cpu,12999.5,13003.2
7,473,g_a_cpu,cpu,13003.2,13003.5
7,473,g_a,dpu,13003.5,13065.9
7,473,g_a,dpu,13065.9,13139.5
7,473,g_a_cpu,cpu,13139.5,13139.9
7,473,h_a,dpu,13139.9,13150.8
7,473,eb_enc,cpu,13150.8,13151
7,473,eb_dec,cpu,13151,13151.1
7,473,h_s,dpu,13151.1,13256.6
7,473,gc,cpu,13256.6,13266.6
7,482,normalize,cpu,13267.1,13270.7
7,482,g_a_cpu,cpu,13270.7,13271
7,482,g_a,dpu,13271,13337.9
7,482,g_a,dpu,13337.9,13412.2
7,482,g_a_cpu,cpu,13412.2,13412.7
7,482,h_a,dpu,13412.7,13427.7
7,482,eb_enc,cpu,13427.7,13427.9
7,482,eb_dec,cpu,13427.9,13428
7,482,h_s,dpu,13428,13557.2
7,482,gc,cpu,13557.2,13567
7,492,normalize,cpu,13567.5,13572.1
7,492,g_a_cpu,cpu,13572.1,13572.4
7,492,g_a,dpu,13572.4,13644
7,492,g_a,dpu,13644,13716
7,492,g_a_cpu,cpu,13716,13716.5
7,492,h_a,dpu,13716.5,13734.7
7,492,eb_enc,cpu,13734.7,13734.9
7,492,eb_dec,cpu,13734.9,13735
7,492,h_s,dpu,13735,13788.4
7,492,gc,cpu,13788.4,13798.3
7,502,normalize,cpu,13798.8,13802.4
7,502,g_a_cpu,cpu,13802.4,13802.7
7,502,g_a,dpu,13802.7,13866.6
7,502,g_a,dpu,13866.6,13939.9
7,502,g_a_cpu,cpu,13939.9,13940.3
7,502,h_a,dpu,13940.3,13994.3
7,502,eb_enc,cpu,13994.3,13994.4
7,502,eb_dec,cpu,13994.4,13994.5
7,502,h_s,dpu,13994.6,14042.3
7,502,gc,cpu,14042.3,14052.1
7,511,normalize,cpu,14052.6,14056.2
7,511,g_a_cpu,cpu,14056.2,14056.8
7,511,g_a,dpu,14056.8,14129.3
7,511,g_a,dpu,14129.3,14201.2
7,511,g_a_cpu,cpu,14201.2,14201.6
7,511,h_a,dpu,14201.6,14218.7
7,511,eb_enc,cpu,14218.7,14218.9
7,511,eb_dec,cpu,14218.9,14219
7,511,h_s,dpu,14219,14305.4
7,511,gc,cpu,14305.4,14315.8
7,519,normalize,cpu,14316.4,14320
7,519,g_a_cpu,cpu,14320,14320.7
7,519,g_a,dpu,14320.7,14393.3
7,519,g_a,dpu,14393.3,14465.1
7,519,g_a_cpu,cpu,14465.1,14465.6
7,519,h_a,dpu,14465.6,14520.3
7,519,eb_enc,cpu,14520.3,14520.4
7,519,eb_dec,cpu,14520.4,14520.5
7,519,h_s,dpu,14520.5,14601.6
7,519,gc,cpu,14601.6,14611.7
7,530,normalize,cpu,14612.1,14616
7,530,g_a_cpu,cpu,14616,14616.6
7,530,g_a,dpu,14616.6,14689
7,530,g_a,dpu,14689,14762.8
7,530,g_a_cpu,cpu,14762.8,14764.3
7,530,h_a,dpu,14764.3,14811.9
7,530,eb_enc,cpu,14811.9,14812
7,530,eb_dec,cpu,14812,14812.2
7,530,h_s,dpu,14812.2,14934.8
7,530,gc,cpu,14934.8,14944.5
7,540,normalize,cpu,14945.2,14949.5
7,540,g_a_cpu,cpu,14949.5,14949.8
7,540,g_a,dpu,14949.9,14986.4
7,540,g_a,dpu,14986.4,15022.7
7,540,g_a_cpu,cpu,15022.7,15023.1
7,540,h_a,dpu,15023.1,15047.7
7,540,eb_enc,cpu,15047.7,15047.9
7,540,eb_dec,cpu,15047.9,15048
7,540,h_s,dpu,15048,15165.7
7,540,gc,cpu,15165.7,15176
7,549,normalize,cpu,15176.5,15180.2
7,549,g_a_cpu,cpu,15180.2,15180.4
7,549,g_a,dpu,15180.4,15217
7,549,g_a,dpu,15217,15260.3
7,549,g_a_cpu,cpu,15260.3,15260.7
7,549,h_a,dpu,15260.7,15310.3
7,549,eb_enc,cpu,15310.3,15310.4
7,549,eb_dec,cpu,15310.4,15310.5
7,549,h_s,dpu,15310.5,15423.9
7,549,gc,cpu,15423.9,15433.9
7,557,normalize,cpu,15434.4,15438
7,557,g_a_cpu,cpu,15438,15438.4
7,557,g_a,dpu,15438.4,15475
7,557,g_a,dpu,15475,15513.5
7,557,g_a_cpu,cpu,15513.5,15514.1
7,557,h_a,dpu,15514.1,15531.9
7,557,eb_enc,cpu,15531.9,15532
7,557,eb_dec,cpu,15532,15532.1
7,557,h_s,dpu,15532.1,15610.7
7,557,gc,cpu,15610.7,15620.6
7,567,normalize,cpu,15621.2,15624.9
7,567,g_a_cpu,cpu,15624.9,15625.1
7,567,g_a,dpu,15625.1,15704.3
7,567,g_a,dpu,15704.3,15742.5
7,567,g_a_cpu,cpu,15742.5,15742.9
7,567,h_a,dpu,15742.9,15768.5
7,567,eb_enc,cpu,15768.5,15768.6
7,567,eb_dec,cpu,15768.6,15768.7
7,567,h_s,dpu,15768.7,15837.7
7,567,gc,cpu,15837.7,15849.9
7,576,normalize,cpu,15850.4,15855.2
7,576,g_a_cpu,cpu,15855.2,15855.6
7,576,g_a,dpu,15855.6,15892.1
7,576,g_a,dpu,15892.1,15968.3
7,576,g_a_cpu,cpu,15968.3,15968.8
7,576,h_a,dpu,15968.8,15996.4
7,576,eb_enc,cpu,15996.4,15996.5
7,576,eb_dec,cpu,15996.5,15996.6
7,576,h_s,dpu,15996.6,16098.3
7,576,gc,cpu,16098.3,16108.5
7,585,normalize,cpu,16109.1,16112.8
7,585,g_a_cpu,cpu,16112.8,16113.2
7,585,g_a,dpu,16113.2,16149.7
7,585,g_a,dpu,16149.7,16261.7
7,585,g_a_cpu,cpu,16261.7,16262.1
7,585,h_a,dpu,16262.1,16274.5
7,585,eb_enc,cpu,16274.5,16274.6
7,585,eb_dec,cpu,16274.6,16274.7
7,585,h_s,dpu,16274.7,16325.4
7,585,gc,cpu,16325.4,16339.2
7,594,normalize,cpu,16339.9,16343.6
7,594,g_a_cpu,cpu,16343.6,16343.9
7,594,g_a,dpu,16343.9,16412.3
7,594,g_a,dpu,16412.3,16520.8
7,594,g_a_cpu,cpu,16520.8,16521.3
7,594,h_a,dpu,16521.3,16543.5
7,594,eb_enc,cpu,16543.5,16543.7
7,594,eb_dec,cpu,16543.7,16543.8
7,594,h_s,dpu,16543.8,16622.3
7,594,gc,cpu,16622.3,16632.1
7,604,normalize,cpu,16632.6,16636.3
7,604,g_a_cpu,cpu,16636.3,16636.7
7,604,g_a,dpu,16636.7,16673.2
7,604,g_a,dpu,16673.2,16745.2
7,604,g_a_cpu,cpu,16745.2,16745.6
7,604,h_a,dpu,16745.6,16802.2
7,604,eb_enc,cpu,16802.2,16802.3
7,604,eb_dec,cpu,16802.3,16802.4
7,604,h_s,dpu,16802.4,16853.7
7,604,gc,cpu,16853.7,16863.9
7,611,normalize,cpu,16864.5,16869.8
7,611,g_a_cpu,cpu,16869.8,16870.1
7,611,g_a,dpu,16870.1,16906.7
7,611,g_a,dpu,16906.7,16943
7,611,g_a_cpu,cpu,16943,16943.4
7,611,h_a,dpu,16943.4,16996.7
7,611,eb_enc,cpu,16996.7,16996.8
7,611,eb_dec,cpu,16996.8,16996.9
7,611,h_s,dpu,16996.9,17111.8
7,611,gc,cpu,17111.8,17121.8
7,619,normalize,cpu,17122.4,17126.2
7,619,g_a_cpu,cpu,17126.2,17126.5
7,619,g_a,dpu,17126.5,17163.3
7,619,g_a,dpu,17163.3,17200.6
7,619,g_a_cpu,cpu,17200.6,17201
7,619,h_a,dpu,17201,17242.6
7,619,eb_enc,cpu,17242.6,17242.8
7,619,eb_dec,cpu,17242.8,17242.9
7,619,h_s,dpu,17242.9,17335.7
7,619,gc,cpu,17335.7,17345.4
7,628,normalize,cpu,17345.9,17349.6
7,628,g_a_cpu,cpu,17349.6,17350.1
7,628,g_a,dpu,17350.1,17388.2
7,628,g_a,dpu,17388.2,17424.7
7,628,g_a_cpu,cpu,17424.7,17425.2
7,628,h_a,dpu,17425.2,17443.2
7,628,eb_enc,cpu,17443.2,17443.3
7,628,eb_dec,cpu,17443.3,17443.4
7,628,h_s,dpu,17443.4,17526.9
7,628,gc,cpu,17526.9,17536.6
7,637,normalize,cpu,17541.5,17545.2
7,637,g_a_cpu,cpu,17545.2,17545.7
7,637,g_a,dpu,17545.7,17616.3
7,637,g_a,dpu,17616.3,17653.4
7,637,g_a_cpu,cpu,17653.4,17654
7,637,h_a,dpu,17654,17684.5
7,637,eb_enc,cpu,17684.5,17684.6
7,637,eb_dec,cpu,17684.6,17684.7
7,637,h_s,dpu,17684.7,17784
7,637,gc,cpu,17784,17793.7
7,647,normalize,cpu,17794.2,17798.6
7,647,g_a_cpu,cpu,17798.6,17798.8
7,647,g_a,dpu,17798.8,17908.2
7,647,g_a,dpu,17908.2,17981.7
7,647,g_a_cpu,cpu,17981.7,17982.1
7,647,h_a,dpu,17982.1,18034.6
7,647,eb_enc,cpu,18034.6,18034.8
7,647,eb_dec,cpu,18034.8,18034.9
7,647,h_s,dpu,18034.9,18041.7
7,647,gc,cpu,18041.7,18051.6
7,655,normalize,cpu,18052.3,18056.5
7,655,g_a_cpu,cpu,18056.5,18056.8
7,655,g_a,dpu,18056.8,18163.3
7,655,g_a,dpu,18163.3,18237.4
7,655,g_a_cpu,cpu,18237.4,18237.9
7,655,h_a,dpu,18237.9,18271
7,655,eb_enc,cpu,18271,18271.2
7,655,eb_dec,cpu,18271.2,18271.3
7,655,h_s,dpu,18271.3,18383.2
7,655,gc,cpu,18383.2,18393.2
7,666,normalize,cpu,18393.7,18401.5
7,666,g_a_cpu,cpu,18401.5,18402.1
7,666,g_a,dpu,18402.1,18474.6
7,666,g_a,dpu,18474.6,18548.4
7,666,g_a_cpu,cpu,18548.4,18548.8
7,666,h_a,dpu,18548.8,18551.4
7,666,eb_enc,cpu,18551.4,18551.6
7,666,eb_dec,cpu,18551.6,18551.7
7,666,h_s,dpu,18551.7,18643.1
7,666,gc,cpu,18643.1,18653.2
7,676,normalize,cpu,18653.7,18657.4
7,676,g_a_cpu,cpu,18657.4,18657.7
7,676,g_a,dpu,18657.7,18700
7,676,g_a,dpu,18700,18774.3
7,676,g_a_cpu,cpu,18774.3,18774.7
7,676,h_a,dpu,18774.7,18836.6
7,676,eb_enc,cpu,18836.6,18836.7
7,676,eb_dec,cpu,18836.7,18836.9
7,676,h_s,dpu,18836.9,18908.5
7,676,gc,cpu,18908.5,18918.8
7,687,normalize,cpu,18919.7,18923.9
7,687,g_a_cpu,cpu,18923.9,18924.2
7,687,g_a,dpu,18924.2,18960.7
7,687,g_a,dpu,18960.7,19032.5
7,687,g_a_cpu,cpu,19032.5,19033
7,687,h_a,dpu,19033,19037.8
7,687,eb_enc,cpu,19037.8,19038
7,687,eb_dec,cpu,19038,19038.1
7,687,h_s,dpu,19038.1,19139.8
7,687,gc,cpu,19139.8,19149.4
7,694,normalize,cpu,19149.9,19155
7,694,g_a_cpu,cpu,19155,19155.5
7,694,g_a,dpu,19155.5,19192.6
7,694,g_a,dpu,19192.6,19229.4
7,694,g_a_cpu,cpu,19229.4,19229.8
7,694,h_a,dpu,19229.8,19320.2
7,694,eb_enc,cpu,19320.2,19320.3
7,694,eb_dec,cpu,19320.3,19320.4
7,694,h_s,dpu,19320.4,19400.7
7,694,gc,cpu,19400.7,19411.1
7,703,normalize,cpu,19411.7,19415.4
7,703,g_a_cpu,cpu,19415.4,19415.8
7,703,g_a,dpu,19415.8,19452.5
7,703,g_a,dpu,19452.5,19489.3
7,703,g_a_cpu,cpu,19489.3,19489.7
7,703,h_a,dpu,19489.7,19566.9
7,703,eb_enc,cpu,19566.9,19567
7,703,eb_dec,cpu,19567,19567.2
7,703,h_s,dpu,19567.2,19698.6
7,703,gc,cpu,19698.6,19708.9
7,715,normalize,cpu,19709.5,19713.3
7,715,g_a_cpu,cpu,19713.3,19713.6
7,715,g_a,dpu,19713.6,19750.5
7,715,g_a,dpu,19750.5,19858.8
7,715,g_a_cpu,cpu,19858.8,19859.2
7,715,h_a,dpu,19859.2,19878.2
7,715,eb_enc,cpu,19878.2,19878.3
7,715,eb_dec,cpu,19878.3,19878.4
7,715,h_s,dpu,19878.4,20008.9
7,715,gc,cpu,20008.9,20018.8
7,726,normalize,cpu,20019.4,20023.1
7,726,g_a_cpu,cpu,20023.1,20023.6
7,726,g_a,dpu,20023.6,20060.3
7,726,g_a,dpu,20060.3,20168
7,726,g_a_cpu,cpu,20168,20168.4
7,726,h_a,dpu,20168.4,20171.2
7,726,eb_enc,cpu,20171.2,20171.4
7,726,eb_dec,cpu,20171.4,20171.5
7,726,h_s,dpu,20171.5,20272.1
7,726,gc,cpu,20272.1,20282.8
7,735,normalize,cpu,20283.3,20287.1
7,735,g_a_cpu,cpu,20287.1,20287.4
7,735,g_a,dpu,20287.4,20324.2
7,735,g_a,dpu,20324.2,20397.9
7,735,g_a_cpu,cpu,20397.9,20398.4
7,735,h_a,dpu,20398.4,20453.9
7,735,eb_enc,cpu,20453.9,20454
7,735,eb_dec,cpu,20454,20454.2
7,735,h_s,dpu,20454.2,20567.3
7,735,gc,cpu,20567.3,20577.1
7,746,normalize,cpu,20577.7,20581.5
7,746,g_a_cpu,cpu,20581.5,20581.9
7,746,g_a,dpu,20581.9,20618.4
7,746,g_a,dpu,20618.4,20726.3
7,746,g_a_cpu,cpu,20726.3,20726.7
7,746,h_a,dpu,20726.7,20746.9
7,746,eb_enc,cpu,20746.9,20747
7,746,eb_dec,cpu,20747,20747.1
7,746,h_s,dpu,20747.1,20768.4
7,746,gc,cpu,20768.4,20778.2
7,752,normalize,cpu,20778.7,20782.4
7,752,g_a_cpu,cpu,20782.4,20782.6
7,752,g_a,dpu,20782.6,20900.5
7,752,g_a,dpu,20900.5,21009.7
7,752,g_a_cpu,cpu,21009.7,21010.1
7,752,h_a,dpu,21010.1,21047.4
7,752,eb_enc,cpu,21047.4,21047.5
7,752,eb_dec,cpu,21047.5,21047.6
7,752,h_s,dpu,21047.6,21088.9
7,752,gc,cpu,21088.9,21099.2
7,769,normalize,cpu,21109,21112.6
7,769,g_a_cpu,cpu,21112.6,21112.9
7,769,g_a,dpu,21112.9,21203.7
7,769,g_a,dpu,21203.7,21311.4
7,769,g_a_cpu,cpu,21311.4,21311.9
7,769,h_a,dpu,21311.9,21317.4
7,769,eb_enc,cpu,21317.4,21317.5
7,769,eb_dec,cpu,21317.5,21317.7
7,769,h_s,dpu,21317.7,21389.9
7,769,gc,cpu,21389.9,21405.2
7,778,normalize,cpu,21405.7,21409.4
7,778,g_a_cpu,cpu,21409.4,21409.8
7,778,g_a,dpu,21409.8,21479.4
7,778,g_a,dpu,21479.4,21587.4
7,778,g_a_cpu,cpu,21587.4,21587.8
7,778,h_a,dpu,21587.8,21623.4
7,778,eb_enc,cpu,21623.4,21623.5
7,778,eb_dec,cpu,21623.5,21623.6
7,778,h_s,dpu,21623.6,21701.2
7,778,gc,cpu,21701.2,21711.5
7,787,normalize,cpu,21712,21715.7
7,787,g_a_cpu,cpu,21715.7,21716
7,787,g_a,dpu,21716,21752.5
7,787,g_a,dpu,21752.5,21788.9
7,787,g_a_cpu,cpu,21788.9,21789.3
7,787,h_a,dpu,21789.3,21867.6
7,787,eb_enc,cpu,21867.6,21867.7
7,787,eb_dec,cpu,21867.7,21867.9
7,787,h_s,dpu,21867.9,21999.3
7,787,gc,cpu,21999.3,22009.6
7,794,normalize,cpu,22010.2,22013.9
7,794,g_a_cpu,cpu,22013.9,22014.2
7,794,g_a,dpu,22014.2,22050.9
7,794,g_a,dpu,22050.9,22158.5
7,794,g_a_cpu,cpu,22158.5,22158.9
7,794,h_a,dpu,22158.9,22201.3
7,794,eb_enc,cpu,22201.3,22201.4
7,794,eb_dec,cpu,22201.4,22201.5
7,794,h_s,dpu,22201.5,22299.7
7,794,gc,cpu,22299.7,22317.7
7,807,normalize,cpu,22318.3,22322
7,807,g_a_cpu,cpu,22322,22322.4
7,807,g_a,dpu,22322.4,22428.3
7,807,g_a,dpu,22428.3,22538.4
7,807,g_a_cpu,cpu,22538.4,22538.8
7,807,h_a,dpu,22538.8,22555.7
7,807,eb_enc,cpu,22555.7,22555.8
7,807,eb_dec,cpu,22555.8,22555.9
7,807,h_s,dpu,22555.9,22637.1
7,807,gc,cpu,22637.1,22647.7
7,818,normalize,cpu,22648.1,22651.8
7,818,g_a_cpu,cpu,22651.8,22652.2
7,818,g_a,dpu,22652.2,22723.2
7,818,g_a,dpu,22723.2,22797.1
7,818,g_a_cpu,cpu,22797.1,22797.7
7,818,h_a,dpu,22797.7,22822.7
7,818,eb_enc,cpu,22822.7,22822.9
7,818,eb_dec,cpu,22822.9,22823
7,818,h_s,dpu,22823,22902.5
7,818,gc,cpu,22902.5,22912.1
7,827,normalize,cpu,22912.6,22917.1
7,827,g_a_cpu,cpu,22917.1,22917.4
7,827,g_a,dpu,22917.4,23000.3
7,827,g_a,dpu,23000.3,23073.4
7,827,g_a_cpu,cpu,23073.4,23073.8
7,827,h_a,dpu,23073.8,23080.3
7,827,eb_enc,cpu,23080.3,23080.4
7,827,eb_dec,cpu,23080.4,23080.6
7,827,h_s,dpu,23080.6,23162.8
7,827,gc,cpu,23162.8,23172.6
7,837,normalize,cpu,23173.1,23177.5
7,837,g_a_cpu,cpu,23177.5,23178.1
7,837,g_a,dpu,23178.1,23250.3
7,837,g_a,dpu,23250.3,23322.1
7,837,g_a_cpu,cpu,23322.1,23322.6
7,837,h_a,dpu,23322.6,23333.7
7,837,eb_enc,cpu,23333.7,23333.9
7,837,eb_dec,cpu,23333.9,23334
7,837,h_s,dpu,23334,23421.2
7,837,gc,cpu,23421.2,23430.8
7,846,normalize,cpu,23431.3,23434.9
7,846,g_a_cpu,cpu,23434.9,23435.4
7,846,g_a,dpu,23435.4,23473.5
7,846,g_a,dpu,23473.5,23509.9
7,846,g_a_cpu,cpu,23509.9,23510.2
7,846,h_a,dpu,23510.2,23529.5
7,846,eb_enc,cpu,23529.5,23529.6
7,846,eb_dec,cpu,23529.6,23529.7
7,846,h_s,dpu,23529.7,23645.3
7,846,gc,cpu,23645.3,23655.1
7,854,normalize,cpu,23655.5,23659.2
7,854,g_a_cpu,cpu,23659.2,23659.4
7,854,g_a,dpu,23659.4,23699.7
7,854,g_a,dpu,23699.7,23773.7
7,854,g_a_cpu,cpu,23773.7,23774.1
7,854,h_a,dpu,23774.1,23800.4
7,854,eb_enc,cpu,23800.4,23800.5
7,854,eb_dec,cpu,23800.5,23800.6
7,854,h_s,dpu,23800.6,23904.5
7,854,gc,cpu,23904.5,23914.4
7,864,normalize,cpu,23914.9,23918.6
7,864,g_a_cpu,cpu,23918.6,23919
7,864,g_a,dpu,23919,23955.8
7,864,g_a,dpu,23955.8,24027.9
7,864,g_a_cpu,cpu,24027.9,24028.3
7,864,h_a,dpu,24028.3,24054.1
7,864,eb_enc,cpu,24054.1,24054.3
7,864,eb_dec,cpu,24054.3,24054.4
7,864,h_s,dpu,24054.4,24125.9
7,864,gc,cpu,24125.9,24135.9
7,872,normalize,cpu,24136.4,24140
7,872,g_a_cpu,cpu,24140,24140.3
7,872,g_a,dpu,24140.3,24180.6
7,872,g_a,dpu,24180.6,24252.6
7,872,g_a_cpu,cpu,24252.6,24253.2
7,872,h_a,dpu,24253.2,24312.6
7,872,eb_enc,cpu,24312.6,24312.7
7,872,eb_dec,cpu,24312.7,24312.8
7,872,h_s,dpu,24312.8,24387.1
7,872,gc,cpu,24387.1,24397
7,883,normalize,cpu,24397.5,24401.2
7,883,g_a_cpu,cpu,24401.2,24401.5
7,883,g_a,dpu,24401.5,24438
7,883,g_a,dpu,24438,24474.5
7,883,g_a_cpu,cpu,24474.5,24474.9
7,883,h_a,dpu,24474.9,24550.2
7,883,eb_enc,cpu,24550.2,24550.3
7,883,eb_dec,cpu,24550.3,24550.4
7,883,h_s,dpu,24550.4,24647.5
7,883,gc,cpu,24647.5,24657.4
7,891,normalize,cpu,24657.9,24661.5
7,891,g_a_cpu,cpu,24661.5,24661.8
7,891,g_a,dpu,24661.8,24698.6
7,891,g_a,dpu,24698.6,24738
7,891,g_a_cpu,cpu,24738,24738.4
7,891,h_a,dpu,24738.5,24741.2
7,891,eb_enc,cpu,24741.2,24741.3
7,891,eb_dec,cpu,24741.3,24741.4
7,891,h_s,dpu,24741.4,24832.7
7,891,gc,cpu,24832.7,24842.4
7,899,normalize,cpu,24842.9,24846.6
7,899,g_a_cpu,cpu,24846.6,24846.9
7,899,g_a,dpu,24846.9,24920
7,899,g_a,dpu,24920,24958.4
7,899,g_a_cpu,cpu,24958.4,24958.8
7,899,h_a,dpu,24958.8,24975.7
7,899,eb_enc,cpu,24975.7,24975.8
7,899,eb_dec,cpu,24975.8,24975.9
7,899,h_s,dpu,24975.9,25054.2
7,899,gc,cpu,25054.2,25064.6
7,909,normalize,cpu,25065.2,25069.5
7,909,g_a_cpu,cpu,25069.5,25069.8
7,909,g_a,dpu,25069.8,25176.3
7,909,g_a,dpu,25176.3,25218.4
7,909,g_a_cpu,cpu,25218.4,25218.7
7,909,h_a,dpu,25218.7,25230.4
7,909,eb_enc,cpu,25230.4,25230.5
7,909,eb_dec,cpu,25230.5,25230.7
7,909,h_s,dpu,25230.7,25353
7,909,gc,cpu,25353,25362.7
7,918,normalize,cpu,25363.5,25367.7
7,918,g_a_cpu,cpu,25367.7,25368
7,918,g_a,dpu,25368,25440.3
7,918,g_a,dpu,25440.3,25477.6
7,918,g_a_cpu,cpu,25477.6,25478
7,918,h_a,dpu,25478,25499.2
7,918,eb_enc,cpu,25499.2,25499.3
7,918,eb_dec,cpu,25499.3,25499.4
7,918,h_s,dpu,25499.4,25576.2
7,918,gc,cpu,25576.2,25586.1
7,927,normalize,cpu,25586.6,25590.3
7,927,g_a_cpu,cpu,25590.4,25590.6
7,927,g_a,dpu,25590.6,25664.3
7,927,g_a,dpu,25664.3,25701.6
7,927,g_a_cpu,cpu,25701.6,25702.1
7,927,h_a,dpu,25702.1,25704.6
7,927,eb_enc,cpu,25704.6,25704.8
7,927,eb_dec,cpu,25704.8,25704.9
7,927,h_s,dpu,25704.9,25728.6
7,927,gc,cpu,25728.6,25739.6
8,7,normalize,cpu,80.0584,83.8004
8,7,g_a_cpu,cpu,83.8693,84.2791
8,7,g_a,dpu,84.283,189.956
8,7,g_a,dpu,189.962,299.581
8,7,g_a_cpu,cpu,299.582,299.968
8,7,h_a,dpu,299.974,372.514
8,7,eb_enc,cpu,372.515,372.661
8,7,eb_dec,cpu,372.662,372.788
8,7,h_s,dpu,372.788,384.182
8,7,gc,cpu,384.215,396.884
8,18,normalize,cpu,397.385,401.05
8,18,g_a_cpu,cpu,401.054,401.345
8,18,g_a,dpu,401.347,505.014
8,18,g_a,dpu,505.015,577.689
8,18,g_a_cpu,cpu,577.69,578.059
8,18,h_a,dpu,578.064,669.237
8,18,eb_enc,cpu,669.238,669.381
8,18,eb_dec,cpu,669.384,669.5
8,18,h_s,dpu,669.501,676.62
8,18,gc,cpu,676.621,686.536
8,27,normalize,cpu,687.187,690.856
8,27,g_a_cpu,cpu,690.858,691.129
8,27,g_a,dpu,691.132,772.746
8,27,g_a,dpu,772.749,845.598
8,27,g_a_cpu,cpu,845.599,845.954
8,27,h_a,dpu,845.956,935.321
8,27,eb_enc,cpu,935.322,935.478
8,27,eb_dec,cpu,935.479,935.594
8,27,h_s,dpu,935.595,937.341
8,27,gc,cpu,937.342,948.273
8,36,normalize,cpu,948.804,952.469
8,36,g_a_cpu,cpu,952.47,952.847
8,36,g_a,dpu,952.85,1032.76
8,36,g_a,dpu,1032.76,1105.64
8,36,g_a_cpu,cpu,1105.64,1106.09
8,36,h_a,dpu,1106.09,1157.97
8,36,eb_enc,cpu,1157.97,1158.11
8,36,eb_dec,cpu,1158.11,1158.23
8,36,h_s,dpu,1158.23,1176.78
8,36,gc,cpu,1176.78,1186.62
8,45,normalize,cpu,1187.08,1190.75
8,45,g_a_cpu,cpu,1190.76,1191.14
8,45,g_a,dpu,1191.14,1280.92
8,45,g_a,dpu,1280.92,1353.64
8,45,g_a_cpu,cpu,1353.64,1354.01
8,45,h_a,dpu,1354.01,1394.71
8,45,eb_enc,cpu,1394.71,1394.83
8,45,eb_dec,cpu,1394.83,1394.94
8,45,h_s,dpu,1394.94,1405.19
8,45,gc,cpu,1405.2,1415.48
8,52,normalize,cpu,1415.98,1419.63
8,52,g_a_cpu,cpu,1419.63,1419.96
8,52,g_a,dpu,1419.96,1517.28
8,52,g_a,dpu,1517.28,1596.05
8,52,g_a_cpu,cpu,1596.06,1596.46
8,52,h_a,dpu,1596.46,1694.1
8,52,eb_enc,cpu,1694.1,1694.29
8,52,eb_dec,cpu,1694.29,1694.42
8,52,h_s,dpu,1694.42,1709.49
8,52,gc,cpu,1709.49,1720.04
8,66,normalize,cpu,1720.51,1724.13
8,66,g_a_cpu,cpu,1724.13,1724.48
8,66,g_a,dpu,1724.49,1791
8,66,g_a,dpu,1791,1829.55
8,66,g_a_cpu,cpu,1829.55,1829.95
8,66,h_a,dpu,1829.96,1921.44
8,66,eb_enc,cpu,1921.44,1921.56
8,66,eb_dec,cpu,1921.56,1921.67
8,66,h_s,dpu,1921.67,1923.05
8,66,gc,cpu,1923.05,1935.66
8,71,normalize,cpu,1936.41,1940.07
8,71,g_a_cpu,cpu,1940.07,1940.42
8,71,g_a,dpu,1940.43,2004.88
8,71,g_a,dpu,2004.88,2080.63
8,71,g_a_cpu,cpu,2080.63,2081
8,71,h_a,dpu,2081,2218.4
8,71,eb_enc,cpu,2218.4,2218.54
8,71,eb_dec,cpu,2218.54,2218.65
8,71,h_s,dpu,2218.65,2221.2
8,71,gc,cpu,2221.2,2231.25
8,82,normalize,cpu,2231.8,2235.46
8,82,g_a_cpu,cpu,2235.46,2235.82
8,82,g_a,dpu,2235.82,2286.31
8,82,g_a,dpu,2286.31,2358.98
8,82,g_a_cpu,cpu,2358.98,2359.4
8,82,h_a,dpu,2359.41,2446.75
8,82,eb_enc,cpu,2446.75,2446.88
8,82,eb_dec,cpu,2446.88,2446.99
8,82,h_s,dpu,2446.99,2462.05
8,82,gc,cpu,2462.05,2471.77
8,89,normalize,cpu,2472.32,2475.96
8,89,g_a_cpu,cpu,2475.96,2476.26
8,89,g_a,dpu,2476.27,2551.41
8,89,g_a,dpu,2551.41,2625.35
8,89,g_a_cpu,cpu,2625.35,2625.79
8,89,h_a,dpu,2625.8,2705
8,89,eb_enc,cpu,2705.01,2705.13
8,89,eb_dec,cpu,2705.13,2705.24
8,89,h_s,dpu,2705.24,2722.13
8,89,gc,cpu,2722.13,2731.81
8,99,normalize,cpu,2732.37,2736.01
8,99,g_a_cpu,cpu,2736.01,2736.3
8,99,g_a,dpu,2736.31,2780.04
8,99,g_a,dpu,2780.04,2832
8,99,g_a_cpu,cpu,2832,2832.45
8,99,h_a,dpu,2832.46,2966.02
8,99,eb_enc,cpu,2966.02,2966.18
8,99,eb_dec,cpu,2966.18,2966.3
8,99,h_s,dpu,2966.3,3015.81
8,99,gc,cpu,3015.81,3026.06
8,108,normalize,cpu,3026.73,3030.49
8,108,g_a_cpu,cpu,3030.49,3030.81
8,108,g_a,dpu,3030.82,3067.71
8,108,g_a,dpu,3067.72,3105.49
8,108,g_a_cpu,cpu,3105.49,3105.97
8,108,h_a,dpu,3105.97,3202.65
8,108,eb_enc,cpu,3202.66,3202.78
8,108,eb_dec,cpu,3202.78,3202.89
8,108,h_s,dpu,3202.89,3310.77
8,108,gc,cpu,3310.78,3321.08
8,118,normalize,cpu,3321.65,3325.33
8,118,g_a_cpu,cpu,3325.34,3325.69
8,118,g_a,dpu,3325.7,3363.01
8,118,g_a,dpu,3363.01,3399.94
8,118,g_a_cpu,cpu,3399.95,3400.35
8,118,h_a,dpu,3400.35,3465.02
8,118,eb_enc,cpu,3465.02,3465.2
8,118,eb_dec,cpu,3465.2,3465.32
8,118,h_s,dpu,3465.32,3512.88
8,118,gc,cpu,3512.89,3522.75
8,127,normalize,cpu,3523.31,3526.97
8,127,g_a_cpu,cpu,3526.97,3527.38
8,127,g_a,dpu,3527.38,3587.42
8,127,g_a,dpu,3587.42,3630.09
8,127,g_a_cpu,cpu,3630.09,3630.42
8,127,h_a,dpu,3630.42,3725.32
8,127,eb_enc,cpu,3725.32,3725.44
8,127,eb_dec,cpu,3725.44,3725.56
8,127,h_s,dpu,3725.56,3736.16
8,127,gc,cpu,3736.16,3746.1
8,136,normalize,cpu,3746.58,3750.24
8,136,g_a_cpu,cpu,3750.25,3750.54
8,136,g_a,dpu,3750.54,3818.47
8,136,g_a,dpu,3818.47,3860.76
8,136,g_a_cpu,cpu,3860.76,3861.28
8,136,h_a,dpu,3861.29,3949.26
8,136,eb_enc,cpu,3949.26,3949.39
8,136,eb_dec,cpu,3949.39,3949.51
8,136,h_s,dpu,3949.51,3999.65
8,136,gc,cpu,3999.65,4009.36
8,147,normalize,cpu,4009.86,4013.5
8,147,g_a_cpu,cpu,4013.5,4013.88
8,147,g_a,dpu,4013.88,4057.42
8,147,g_a,dpu,4057.42,4096.38
8,147,g_a_cpu,cpu,4096.38,4096.78
8,147,h_a,dpu,4096.79,4206.97
8,147,eb_enc,cpu,4206.97,4207.11
8,147,eb_dec,cpu,4207.11,4207.23
8,147,h_s,dpu,4207.23,4224.11
8,147,gc,cpu,4224.12,4233.86
8,154,normalize,cpu,4234.36,4238.14
8,154,g_a_cpu,cpu,4238.15,4238.58
8,154,g_a,dpu,4238.58,4325.09
8,154,g_a,dpu,4325.09,4361.94
8,154,g_a_cpu,cpu,4361.94,4362.29
8,154,h_a,dpu,4362.29,4469.97
8,154,eb_enc,cpu,4469.97,4470.11
8,154,eb_dec,cpu,4470.12,4470.24
8,154,h_s,dpu,4470.24,4472.49
8,154,gc,cpu,4472.49,4482.34
8,163,normalize,cpu,4482.77,4487.28
8,163,g_a_cpu,cpu,4487.28,4487.6
8,163,g_a,dpu,4487.6,4559.37
8,163,g_a,dpu,4559.37,4600.9
8,163,g_a_cpu,cpu,4600.91,4601.27
8,163,h_a,dpu,4601.27,4729.18
8,163,eb_enc,cpu,4729.18,4729.31
8,163,eb_dec,cpu,4729.31,4729.42
8,163,h_s,dpu,4729.42,4755.91
8,163,gc,cpu,4755.91,4766.27
8,172,normalize,cpu,4767.03,4770.67
8,172,g_a_cpu,cpu,4770.67,4771.01
8,172,g_a,dpu,4771.02,4875.19
8,172,g_a,dpu,4875.19,4924.93
8,172,g_a_cpu,cpu,4924.93,4925.57
8,172,h_a,dpu,4925.57,4933.55
8,172,eb_enc,cpu,4933.55,4933.68
8,172,eb_dec,cpu,4933.68,4933.79
8,172,h_s,dpu,4933.79,4935.36
8,172,gc,cpu,4935.37,4945.55
8,183,normalize,cpu,4955.11,4958.76
8,183,g_a_cpu,cpu,4958.77,4959.11
8,183,g_a,dpu,4959.11,5044.64
8,183,g_a,dpu,5044.64,5119.81
8,183,g_a_cpu,cpu,5119.81,5120.3
8,183,h_a,dpu,5120.3,5190.1
8,183,eb_enc,cpu,5190.1,5190.27
8,183,eb_dec,cpu,5190.27,5190.4
8,183,h_s,dpu,5190.4,5199.49
8,183,gc,cpu,5199.49,5209.89
8,190,normalize,cpu,5210.37,5214.13
8,190,g_a_cpu,cpu,5214.14,5214.56
8,190,g_a,dpu,5214.56,5287.46
8,190,g_a,dpu,5287.46,5362.12
8,190,g_a_cpu,cpu,5362.12,5362.55
8,190,h_a,dpu,5362.56,5495.42
8,190,eb_enc,cpu,5495.42,5495.56
8,190,eb_dec,cpu,5495.56,5495.68
8,190,h_s,dpu,5495.68,5511.11
8,190,gc,cpu,5511.11,5521.48
8,201,normalize,cpu,5522.08,5525.77
8,201,g_a_cpu,cpu,5525.77,5526.16
8,201,g_a,dpu,5526.17,5563.12
8,201,g_a,dpu,5563.12,5635.77
8,201,g_a_cpu,cpu,5635.77,5636.26
8,201,h_a,dpu,5636.26,5752.01
8,201,eb_enc,cpu,5752.01,5752.27
8,201,eb_dec,cpu,5752.27,5752.42
8,201,h_s,dpu,5752.42,5753.85
8,201,gc,cpu,5753.85,5763.97
8,207,normalize,cpu,5764.6,5768.24
8,207,g_a_cpu,cpu,5768.25,5768.54
8,207,g_a,dpu,5768.54,5824.54
8,207,g_a,dpu,5824.55,5898.4
8,207,g_a_cpu,cpu,5898.4,5898.75
8,207,h_a,dpu,5898.75,6014.09
8,207,eb_enc,cpu,6014.1,6014.23
8,207,eb_dec,cpu,6014.23,6014.34
8,207,h_s,dpu,6014.34,6025.59
8,207,gc,cpu,6025.59,6035.22
8,215,normalize,cpu,6035.68,6039.36
8,215,g_a_cpu,cpu,6039.37,6039.64
8,215,g_a,dpu,6039.64,6081.38
8,215,g_a,dpu,6081.38,6155.75
8,215,g_a_cpu,cpu,6155.76,6156.12
8,215,h_a,dpu,6156.13,6242.58
8,215,eb_enc,cpu,6242.58,6242.73
8,215,eb_dec,cpu,6242.73,6242.85
8,215,h_s,dpu,6242.85,6291.53
8,215,gc,cpu,6291.53,6301.66
8,226,normalize,cpu,6302.27,6305.96
8,226,g_a_cpu,cpu,6305.96,6306.29
8,226,g_a,dpu,6306.3,6343.6
8,226,g_a,dpu,6343.6,6455.97
8,226,g_a_cpu,cpu,6455.97,6456.5
8,226,h_a,dpu,6456.51,6577.11
8,226,eb_enc,cpu,6577.11,6577.25
8,226,eb_dec,cpu,6577.25,6577.36
8,226,h_s,dpu,6577.36,6579.39
8,226,gc,cpu,6579.39,6590.1
8,238,normalize,cpu,6590.62,6594.39
8,238,g_a_cpu,cpu,6594.4,6594.85
8,238,g_a,dpu,6594.86,6644.65
8,238,g_a,dpu,6644.66,6681.65
8,238,g_a_cpu,cpu,6681.66,6682.12
8,238,h_a,dpu,6682.13,6765.11
8,238,eb_enc,cpu,6765.11,6765.27
8,238,eb_dec,cpu,6765.28,6765.41
8,238,h_s,dpu,6765.41,6778.73
8,238,gc,cpu,6778.73,6788.61
8,244,normalize,cpu,6789.18,6792.87
8,244,g_a_cpu,cpu,6792.88,6793.17
8,244,g_a,dpu,6793.17,6835.96
8,244,g_a,dpu,6835.96,6912.67
8,244,g_a_cpu,cpu,6912.67,6912.99
8,244,h_a,dpu,6912.99,6987.51
8,244,eb_enc,cpu,6987.51,6987.67
8,244,eb_dec,cpu,6987.67,6987.79
8,244,h_s,dpu,6987.79,7073.39
8,244,gc,cpu,7073.39,7083.21
8,253,normalize,cpu,7083.93,7087.6
8,253,g_a_cpu,cpu,7087.6,7087.97
8,253,g_a,dpu,7087.97,7127.94
8,253,g_a,dpu,7127.94,7313.82
8,253,g_a_cpu,cpu,7313.82,7314.22
8,253,h_a,dpu,7314.22,7357.54
8,253,eb_enc,cpu,7357.54,7357.77
8,253,eb_dec,cpu,7357.77,7357.93
8,253,h_s,dpu,7357.93,7369.61
8,253,gc,cpu,7369.61,7379.9
8,270,normalize,cpu,7380.5,7384.13
8,270,g_a_cpu,cpu,7384.14,7384.48
8,270,g_a,dpu,7384.49,7484.46
8,270,g_a,dpu,7484.46,7596.66
8,270,g_a_cpu,cpu,7596.66,7597.06
8,270,h_a,dpu,7597.06,7673.36
8,270,eb_enc,cpu,7673.36,7673.53
8,270,eb_dec,cpu,7673.54,7673.66
8,270,h_s,dpu,7673.66,7674.7
8,270,gc,cpu,7674.7,7684.92
8,277,normalize,cpu,7685.8,7689.51
8,277,g_a_cpu,cpu,7689.51,7689.89
8,277,g_a,dpu,7689.9,7727.07
8,277,g_a,dpu,7727.08,7763.81
8,277,g_a_cpu,cpu,7763.81,7764.25
8,277,h_a,dpu,7764.25,7908.11
8,277,eb_enc,cpu,7908.11,7908.25
8,277,eb_dec,cpu,7908.25,7908.37
8,277,h_s,dpu,7908.37,7909.46
8,277,gc,cpu,7909.46,7919.54
8,282,normalize,cpu,7920.05,7923.73
8,282,g_a_cpu,cpu,7923.74,7924.09
8,282,g_a,dpu,7924.09,7961.46
8,282,g_a,dpu,7961.46,8000.16
8,282,g_a_cpu,cpu,8000.17,8000.87
8,282,h_a,dpu,8000.87,8095.25
8,282,eb_enc,cpu,8095.25,8095.4
8,282,eb_dec,cpu,8095.4,8095.53
8,282,h_s,dpu,8095.53,8148.35
8,282,gc,cpu,8148.35,8158.3
8,292,normalize,cpu,8158.8,8162.5
8,292,g_a_cpu,cpu,8162.5,8162.82
8,292,g_a,dpu,8162.82,8199.75
8,292,g_a,dpu,8199.76,8239.13
8,292,g_a_cpu,cpu,8239.13,8239.6
8,292,h_a,dpu,8239.61,8365.48
8,292,eb_enc,cpu,8365.48,8365.67
8,292,eb_dec,cpu,8365.67,8365.79
8,292,h_s,dpu,8365.79,8408.96
8,292,gc,cpu,8408.96,8418.85
8,303,normalize,cpu,8419.4,8423.09
8,303,g_a_cpu,cpu,8423.1,8423.51
8,303,g_a,dpu,8423.51,8460.54
8,303,g_a,dpu,8460.54,8500.4
8,303,g_a_cpu,cpu,8500.41,8500.82
8,303,h_a,dpu,8500.82,8590.13
8,303,eb_enc,cpu,8590.13,8590.28
8,303,eb_dec,cpu,8590.28,8590.39
8,303,h_s,dpu,8590.4,8639.79
8,303,gc,cpu,8639.79,8649.57
8,311,normalize,cpu,8650.06,8653.73
8,311,g_a_cpu,cpu,8653.73,8654.06
8,311,g_a,dpu,8654.07,8692.64
8,311,g_a,dpu,8692.64,8731.26
8,311,g_a_cpu,cpu,8731.26,8731.68
8,311,h_a,dpu,8731.69,8817.04
8,311,eb_enc,cpu,8817.05,8817.22
8,311,eb_dec,cpu,8817.22,8817.35
8,311,h_s,dpu,8817.35,8828.17
8,311,gc,cpu,8828.17,8837.8
8,319,normalize,cpu,8838.29,8841.99
8,319,g_a_cpu,cpu,8841.99,8842.33
8,319,g_a,dpu,8842.33,8928.35
8,319,g_a,dpu,8928.35,8968.39
8,319,g_a_cpu,cpu,8968.39,8968.82
8,319,h_a,dpu,8968.82,9077.46
8,319,eb_enc,cpu,9077.46,9077.61
8,319,eb_dec,cpu,9077.61,9077.73
8,319,h_s,dpu,9077.73,9127.51
8,319,gc,cpu,9127.51,9137.44
8,330,normalize,cpu,9138.01,9141.7
8,330,g_a_cpu,cpu,9141.7,9142.05
8,330,g_a,dpu,9142.06,9179
8,330,g_a,dpu,9179.01,9217.43
8,330,g_a_cpu,cpu,9217.44,9217.91
8,330,h_a,dpu,9217.91,9336.56
8,330,eb_enc,cpu,9336.56,9336.71
8,330,eb_dec,cpu,9336.71,9336.82
8,330,h_s,dpu,9336.82,9353.21
8,330,gc,cpu,9353.21,9363.61
8,338,normalize,cpu,9364.29,9367.98
8,338,g_a_cpu,cpu,9367.98,9368.43
8,338,g_a,dpu,9368.43,9439.55
8,338,g_a,dpu,9439.55,9513.07
8,338,g_a_cpu,cpu,9513.08,9513.42
8,338,h_a,dpu,9513.42,9635.36
8,338,eb_enc,cpu,9635.36,9635.48
8,338,eb_dec,cpu,9635.48,9635.58
8,338,h_s,dpu,9635.58,9682.2
8,338,gc,cpu,9682.2,9692.47
8,348,normalize,cpu,9693.21,9696.9
8,348,g_a_cpu,cpu,9696.91,9697.44
8,348,g_a,dpu,9697.44,9734.97
8,348,g_a,dpu,9734.97,9810.69
8,348,g_a_cpu,cpu,9810.69,9811.06
8,348,h_a,dpu,9811.07,9858.69
8,348,eb_enc,cpu,9858.69,9858.83
8,348,eb_dec,cpu,9858.83,9858.94
8,348,h_s,dpu,9858.94,9874.72
8,348,gc,cpu,9874.72,9884.4
8,357,normalize,cpu,9885.26,9888.91
8,357,g_a_cpu,cpu,9888.91,9889.19
8,357,g_a,dpu,9889.2,9968.7
8,357,g_a,dpu,9968.71,10044.7
8,357,g_a_cpu,cpu,10044.7,10045.1
8,357,h_a,dpu,10045.1,10116.9
8,357,eb_enc,cpu,10116.9,10117.1
8,357,eb_dec,cpu,10117.1,10117.2
8,357,h_s,dpu,10117.2,10133.2
8,357,gc,cpu,10133.2,10143.1
8,368,normalize,cpu,10143.6,10147.2
8,368,g_a_cpu,cpu,10147.2,10147.5
8,368,g_a,dpu,10147.5,10240.6
8,368,g_a,dpu,10240.6,10313.2
8,368,g_a_cpu,cpu,10313.2,10313.7
8,368,h_a,dpu,10313.7,10384.6
8,368,eb_enc,cpu,10384.6,10384.8
8,368,eb_dec,cpu,10384.8,10384.9
8,368,h_s,dpu,10384.9,10396.5
8,368,gc,cpu,10396.5,10416.4
8,377,normalize,cpu,10416.9,10420.5
8,377,g_a_cpu,cpu,10420.5,10420.8
8,377,g_a,dpu,10420.8,10513.8
8,377,g_a,dpu,10513.8,10589.8
8,377,g_a_cpu,cpu,10589.8,10590.2
8,377,h_a,dpu,10590.2,10693.4
8,377,eb_enc,cpu,10693.4,10693.5
8,377,eb_dec,cpu,10693.5,10693.6
8,377,h_s,dpu,10693.6,10708.9
8,377,gc,cpu,10708.9,10718.8
8,386,normalize,cpu,10719.3,10723.7
8,386,g_a_cpu,cpu,10723.7,10724.1
8,386,g_a,dpu,10724.1,10796.7
8,386,g_a,dpu,10796.7,10836.3
8,386,g_a_cpu,cpu,10836.3,10836.7
8,386,h_a,dpu,10836.7,10925.1
8,386,eb_enc,cpu,10925.1,10925.2
8,386,eb_dec,cpu,10925.2,10925.3
8,386,h_s,dpu,10925.3,10933.1
8,386,gc,cpu,10933.1,10943
8,395,normalize,cpu,10943.4,10947.1
8,395,g_a_cpu,cpu,10947.1,10947.4
8,395,g_a,dpu,10947.4,10991.8
8,395,g_a,dpu,10991.8,11067.3
8,395,g_a_cpu,cpu,11067.3,11067.7
8,395,h_a,dpu,11067.7,11156.4
8,395,eb_enc,cpu,11156.4,11156.7
8,395,eb_dec,cpu,11156.7,11156.8
8,395,h_s,dpu,11156.8,11166.8
8,395,gc,cpu,11166.8,11176.7
8,404,normalize,cpu,11177.2,11180.8
8,404,g_a_cpu,cpu,11180.8,11181.2
8,404,g_a,dpu,11181.2,11235.5
8,404,g_a,dpu,11235.5,11311.2
8,404,g_a_cpu,cpu,11311.2,11311.6
8,404,h_a,dpu,11311.6,11416.1
8,404,eb_enc,cpu,11416.1,11416.3
8,404,eb_dec,cpu,11416.3,11416.4
8,404,h_s,dpu,11416.4,11426.4
8,404,gc,cpu,11426.4,11436.4
8,413,normalize,cpu,11436.8,11440.4
8,413,g_a_cpu,cpu,11440.4,11440.8
8,413,g_a,dpu,11440.8,11505.1
8,413,g_a,dpu,11505.1,11583.1
8,413,g_a_cpu,cpu,11583.1,11583.5
8,413,h_a,dpu,11583.5,11711.5
8,413,eb_enc,cpu,11711.5,11711.6
8,413,eb_dec,cpu,11711.6,11711.8
8,413,h_s,dpu,11711.8,11731.8
8,413,gc,cpu,11731.8,11741.4
8,423,normalize,cpu,11741.9,11745.5
8,423,g_a_cpu,cpu,11745.5,11745.8
8,423,g_a,dpu,11745.8,11801.6
8,423,g_a,dpu,11801.6,11838.4
8,423,g_a_cpu,cpu,11838.4,11838.8
8,423,h_a,dpu,11838.8,11936.4
8,423,eb_enc,cpu,11936.4,11936.6
8,423,eb_dec,cpu,11936.6,11936.7
8,423,h_s,dpu,11936.7,11939.1
8,423,gc,cpu,11939.1,11949
8,430,normalize,cpu,11949.5,11953.2
8,430,g_a_cpu,cpu,11953.2,11953.5
8,430,g_a,dpu,11953.5,11996.7
8,430,g_a,dpu,11996.7,12069.4
8,430,g_a_cpu,cpu,12069.4,12069.8
8,430,h_a,dpu,12069.8,12158.6
8,430,eb_enc,cpu,12158.6,12158.7
8,430,eb_dec,cpu,12158.7,12158.9
8,430,h_s,dpu,12158.9,12176.7
8,430,gc,cpu,12176.7,12186.6
8,440,normalize,cpu,12187.2,12190.9
8,440,g_a_cpu,cpu,12190.9,12191.3
8,440,g_a,dpu,12191.3,12264.4
8,440,g_a,dpu,12264.4,12340.3
8,440,g_a_cpu,cpu,12340.3,12340.7
8,440,h_a,dpu,12340.7,12454.9
8,440,eb_enc,cpu,12454.9,12455
8,440,eb_dec,cpu,12455,12455.1
8,440,h_s,dpu,12455.1,12473.6
8,440,gc,cpu,12473.6,12483.5
8,453,normalize,cpu,12484,12487.7
8,453,g_a_cpu,cpu,12487.7,12488
8,453,g_a,dpu,12488,12537.1
8,453,g_a,dpu,12537.1,12609.8
8,453,g_a_cpu,cpu,12609.8,12610.2
8,453,h_a,dpu,12610.3,12680.6
8,453,eb_enc,cpu,12680.6,12680.8
8,453,eb_dec,cpu,12680.8,12680.9
8,453,h_s,dpu,12680.9,12697
8,453,gc,cpu,12697,12707.5
8,459,normalize,cpu,12708,12711.7
8,459,g_a_cpu,cpu,12711.7,12712
8,459,g_a,dpu,12712,12777
8,459,g_a,dpu,12777.1,12853.7
8,459,g_a_cpu,cpu,12853.7,12854.1
8,459,h_a,dpu,12854.1,12976.1
8,459,eb_enc,cpu,12976.1,12976.3
8,459,eb_dec,cpu,12976.3,12976.4
8,459,h_s,dpu,12976.4,12977.8
8,459,gc,cpu,12977.8,12988.2
8,471,normalize,cpu,12988.8,12992.6
8,471,g_a_cpu,cpu,12992.6,12993.3
8,471,g_a,dpu,12993.3,13030.6
8,471,g_a,dpu,13030.6,13103.5
8,471,g_a_cpu,cpu,13103.5,13104
8,471,h_a,dpu,13104,13211.5
8,471,eb_enc,cpu,13211.5,13211.6
8,471,eb_dec,cpu,13211.6,13211.8
8,471,h_s,dpu,13211.8,13216.9
8,471,gc,cpu,13216.9,13226.9
8,478,normalize,cpu,13227.4,13231.1
8,478,g_a_cpu,cpu,13231.1,13231.4
8,478,g_a,dpu,13231.4,13273
8,478,g_a,dpu,13273,13346.9
8,478,g_a_cpu,cpu,13346.9,13347.3
8,478,h_a,dpu,13347.3,13478.8
8,478,eb_enc,cpu,13478.8,13479
8,478,eb_dec,cpu,13479,13479.1
8,478,h_s,dpu,13479.1,13487.4
8,478,gc,cpu,13487.4,13500.4
8,488,normalize,cpu,13500.9,13504.6
8,488,g_a_cpu,cpu,13504.6,13504.8
8,488,g_a,dpu,13504.8,13541.8
8,488,g_a,dpu,13541.8,13656.7
8,488,g_a_cpu,cpu,13656.7,13657.1
8,488,h_a,dpu,13657.1,13777.9
8,488,eb_enc,cpu,13777.9,13778
8,488,eb_dec,cpu,13778,13778.1
8,488,h_s,dpu,13778.1,13779.4
8,488,gc,cpu,13779.4,13789.3
8,500,normalize,cpu,13789.7,13793.4
8,500,g_a_cpu,cpu,13793.4,13793.9
8,500,g_a,dpu,13794,13843.3
8,500,g_a,dpu,13843.3,13952.5
8,500,g_a_cpu,cpu,13952.5,13952.9
8,500,h_a,dpu,13952.9,14003.1
8,500,eb_enc,cpu,14003.1,14003.3
8,500,eb_dec,cpu,14003.3,14003.4
8,500,h_s,dpu,14003.4,14018.4
8,500,gc,cpu,14018.4,14030.7
8,509,normalize,cpu,14031.4,14035.1
8,509,g_a_cpu,cpu,14035.1,14035.4
8,509,g_a,dpu,14035.4,14104.8
8,509,g_a,dpu,14104.8,14141.7
8,509,g_a_cpu,cpu,14141.7,14142.2
8,509,h_a,dpu,14142.2,14266.4
8,509,eb_enc,cpu,14266.4,14266.5
8,509,eb_dec,cpu,14266.5,14266.6
8,509,h_s,dpu,14266.6,14278.3
8,509,gc,cpu,14278.3,14288.2
8,516,normalize,cpu,14288.8,14292.4
8,516,g_a_cpu,cpu,14292.4,14292.8
8,516,g_a,dpu,14292.8,14330.8
8,516,g_a,dpu,14330.8,14442.6
8,516,g_a_cpu,cpu,14442.6,14443.1
8,516,h_a,dpu,14443.1,14561.8
8,516,eb_enc,cpu,14561.8,14562
8,516,eb_dec,cpu,14562,14562.1
8,516,h_s,dpu,14562.1,14564.2
8,516,gc,cpu,14564.2,14574.1
8,526,normalize,cpu,14574.6,14578.3
8,526,g_a_cpu,cpu,14578.3,14578.6
8,526,g_a,dpu,14578.6,14615.9
8,526,g_a,dpu,14615.9,14690.4
8,526,g_a_cpu,cpu,14690.4,14690.8
8,526,h_a,dpu,14690.8,14784.4
8,526,eb_enc,cpu,14784.4,14784.5
8,526,eb_dec,cpu,14784.5,14784.7
8,526,h_s,dpu,14784.7,14799.7
8,526,gc,cpu,14799.7,14809.3
8,535,normalize,cpu,14810,14813.6
8,535,g_a_cpu,cpu,14813.7,14813.9
8,535,g_a,dpu,14813.9,14850.7
8,535,g_a,dpu,14850.7,14892.6
8,535,g_a_cpu,cpu,14892.6,14893
8,535,h_a,dpu,14893,14981.4
8,535,eb_enc,cpu,14981.4,14981.6
8,535,eb_dec,cpu,14981.6,14981.7
8,535,h_s,dpu,14981.7,15023.7
8,535,gc,cpu,15023.7,15033.3
8,544,normalize,cpu,15033.9,15037.5
8,544,g_a_cpu,cpu,15037.5,15037.8
8,544,g_a,dpu,15037.8,15084.2
8,544,g_a,dpu,15084.2,15121.2
8,544,g_a_cpu,cpu,15121.2,15121.5
8,544,h_a,dpu,15121.5,15202.5
8,544,eb_enc,cpu,15202.5,15202.7
8,544,eb_dec,cpu,15202.7,15202.8
8,544,h_s,dpu,15202.8,15219.6
8,544,gc,cpu,15219.6,15230
8,552,normalize,cpu,15230.6,15234.3
8,552,g_a_cpu,cpu,15234.3,15234.7
8,552,g_a,dpu,15234.7,15271.6
8,552,g_a,dpu,15271.6,15346.6
8,552,g_a_cpu,cpu,15346.6,15347
8,552,h_a,dpu,15347,15461.1
8,552,eb_enc,cpu,15461.1,15461.2
8,552,eb_dec,cpu,15461.2,15461.3
8,552,h_s,dpu,15461.3,15477.6
8,552,gc,cpu,15477.6,15487.8
8,561,normalize,cpu,15488.3,15491.9
8,561,g_a_cpu,cpu,15491.9,15492.3
8,561,g_a,dpu,15492.3,15529.6
8,561,g_a,dpu,15529.6,15569.2
8,561,g_a_cpu,cpu,15569.2,15569.6
8,561,h_a,dpu,15569.6,15685.7
8,561,eb_enc,cpu,15685.7,15685.9
8,561,eb_dec,cpu,15685.9,15686
8,561,h_s,dpu,15686,15706.6
8,561,gc,cpu,15706.6,15716.3
8,568,normalize,cpu,15716.8,15720.6
8,568,g_a_cpu,cpu,15720.6,15721
8,568,g_a,dpu,15721,15761.4
8,568,g_a,dpu,15761.4,15806
8,568,g_a_cpu,cpu,15806,15806.4
8,568,h_a,dpu,15806.4,15877.2
8,568,eb_enc,cpu,15877.2,15877.3
8,568,eb_dec,cpu,15877.3,15877.4
8,568,h_s,dpu,15877.4,15929.2
8,568,gc,cpu,15929.2,15938.9
8,578,normalize,cpu,15939.5,15943.1
8,578,g_a_cpu,cpu,15943.1,15943.4
8,578,g_a,dpu,15943.4,15994.3
8,578,g_a,dpu,15994.3,16032.7
8,578,g_a_cpu,cpu,16032.7,16033
8,578,h_a,dpu,16033,16099.5
8,578,eb_enc,cpu,16099.5,16099.6
8,578,eb_dec,cpu,16099.6,16099.7
8,578,h_s,dpu,16099.7,16150.6
8,578,gc,cpu,16150.6,16160.3
8,587,normalize,cpu,16160.8,16164.4
8,587,g_a_cpu,cpu,16164.4,16164.8
8,587,g_a,dpu,16164.8,16266.7
8,587,g_a,dpu,16266.7,16311.5
8,587,g_a_cpu,cpu,16311.5,16311.9
8,587,h_a,dpu,16311.9,16362.7
8,587,eb_enc,cpu,16362.7,16362.9
8,587,eb_dec,cpu,16362.9,16363
8,587,h_s,dpu,16363,16413.2
8,587,gc,cpu,16413.2,16422.8
8,597,normalize,cpu,16423.3,16427.7
8,597,g_a_cpu,cpu,16427.7,16428
8,597,g_a,dpu,16428,16501.6
8,597,g_a,dpu,16501.6,16538.4
8,597,g_a_cpu,cpu,16538.4,16538.8
8,597,h_a,dpu,16538.8,16620.3
8,597,eb_enc,cpu,16620.3,16620.4
8,597,eb_dec,cpu,16620.4,16620.5
8,597,h_s,dpu,16620.5,16623.3
8,597,gc,cpu,16623.3,16633.2
8,605,normalize,cpu,16633.7,16637.3
8,605,g_a_cpu,cpu,16637.4,16637.8
8,605,g_a,dpu,16637.8,16727
8,605,g_a,dpu,16727,16800
8,605,g_a_cpu,cpu,16800,16800.4
8,605,h_a,dpu,16800.4,16852.9
8,605,eb_enc,cpu,16852.9,16853
8,605,eb_dec,cpu,16853,16853.2
8,605,h_s,dpu,16853.2,16869.8
8,605,gc,cpu,16869.8,16879.8
8,614,normalize,cpu,16880.3,16883.9
8,614,g_a_cpu,cpu,16883.9,16884.3
8,614,g_a,dpu,16884.3,16921.3
8,614,g_a,dpu,16921.3,16994.2
8,614,g_a_cpu,cpu,16994.2,16994.7
8,614,h_a,dpu,16994.7,17110.7
8,614,eb_enc,cpu,17110.7,17110.9
8,614,eb_dec,cpu,17110.9,17111
8,614,h_s,dpu,17111,17112.5
8,614,gc,cpu,17112.5,17122.4
8,620,normalize,cpu,17122.9,17126.7
8,620,g_a_cpu,cpu,17126.7,17127.1
8,620,g_a,dpu,17127.1,17164.3
8,620,g_a,dpu,17164.3,17238.5
8,620,g_a_cpu,cpu,17238.5,17238.8
8,620,h_a,dpu,17238.8,17334.9
8,620,eb_enc,cpu,17334.9,17335
8,620,eb_dec,cpu,17335,17335.1
8,620,h_s,dpu,17335.1,17351.7
8,620,gc,cpu,17351.7,17361.6
8,629,normalize,cpu,17362.2,17365.9
8,629,g_a_cpu,cpu,17365.9,17366.3
8,629,g_a,dpu,17366.3,17403.2
8,629,g_a,dpu,17403.2,17440.3
8,629,g_a_cpu,cpu,17440.3,17440.7
8,629,h_a,dpu,17440.7,17525.9
8,629,eb_enc,cpu,17525.9,17526.1
8,629,eb_dec,cpu,17526.1,17526.2
8,629,h_s,dpu,17526.2,17578.5
8,629,gc,cpu,17578.5,17588.3
8,639,normalize,cpu,17588.7,17592.4
8,639,g_a_cpu,cpu,17592.4,17592.7
8,639,g_a,dpu,17592.7,17643.7
8,639,g_a,dpu,17643.7,17681.1
8,639,g_a_cpu,cpu,17681.2,17681.5
8,639,h_a,dpu,17681.5,17782.9
8,639,eb_enc,cpu,17782.9,17783
8,639,eb_dec,cpu,17783,17783.1
8,639,h_s,dpu,17783.1,17833.1
8,639,gc,cpu,17833.1,17842.8
8,648,normalize,cpu,17843.2,17847
8,648,g_a_cpu,cpu,17847,17847.2
8,648,g_a,dpu,17847.2,17884.2
8,648,g_a,dpu,17884.2,17922.7
8,648,g_a_cpu,cpu,17922.7,17923
8,648,h_a,dpu,17923,18040.1
8,648,eb_enc,cpu,18040.1,18040.3
8,648,eb_dec,cpu,18040.3,18040.4
8,648,h_s,dpu,18040.4,18055.4
8,648,gc,cpu,18055.4,18065.1
8,656,normalize,cpu,18065.6,18069.3
8,656,g_a_cpu,cpu,18069.3,18069.7
8,656,g_a,dpu,18069.7,18151.7
8,656,g_a,dpu,18151.7,18190.4
8,656,g_a_cpu,cpu,18190.4,18190.7
8,656,h_a,dpu,18190.7,18271.7
8,656,eb_enc,cpu,18271.7,18271.8
8,656,eb_dec,cpu,18271.8,18272
8,656,h_s,dpu,18272,18273.2
8,656,gc,cpu,18273.2,18283
8,664,normalize,cpu,18283.4,18287.1
8,664,g_a_cpu,cpu,18287.1,18287.5
8,664,g_a,dpu,18287.5,18383.4
8,664,g_a,dpu,18383.4,18427.2
8,664,g_a_cpu,cpu,18427.2,18427.7
8,664,h_a,dpu,18427.7,18530.6
8,664,eb_enc,cpu,18530.6,18530.8
8,664,eb_dec,cpu,18530.8,18530.9
8,664,h_s,dpu,18530.9,18586.8
8,664,gc,cpu,18586.8,18601.2
8,674,normalize,cpu,18601.7,18606.5
8,674,g_a_cpu,cpu,18606.5,18607.1
8,674,g_a,dpu,18607.1,18643.9
8,674,g_a,dpu,18643.9,18681.1
8,674,g_a_cpu,cpu,18681.1,18681.8
8,674,h_a,dpu,18681.8,18754.1
8,674,eb_enc,cpu,18754.1,18754.3
8,674,eb_dec,cpu,18754.3,18754.4
8,674,h_s,dpu,18754.4,18812.3
8,674,gc,cpu,18812.3,18821.9
8,683,normalize,cpu,18822.3,18826
8,683,g_a_cpu,cpu,18826,18826.3
8,683,g_a,dpu,18826.3,18876.7
8,683,g_a,dpu,18876.7,18919.1
8,683,g_a_cpu,cpu,18919.1,18919.8
8,683,h_a,dpu,18919.8,19138.6
8,683,eb_enc,cpu,19138.6,19138.8
8,683,eb_dec,cpu,19138.8,19138.9
8,683,h_s,dpu,19138.9,19155.8
8,683,gc,cpu,19155.8,19165.8
8,696,normalize,cpu,19166.7,19170.4
8,696,g_a_cpu,cpu,19170.4,19170.9
8,696,g_a,dpu,19170.9,19208.9
8,696,g_a,dpu,19208.9,19317.9
8,696,g_a_cpu,cpu,19317.9,19318.3
8,696,h_a,dpu,19318.3,19399.7
8,696,eb_enc,cpu,19399.7,19399.8
8,696,eb_dec,cpu,19399.8,19400
8,696,h_s,dpu,19400,19401.8
8,696,gc,cpu,19401.8,19411.8
8,704,normalize,cpu,19412.4,19416
8,704,g_a_cpu,cpu,19416,19416.4
8,704,g_a,dpu,19416.4,19454.3
8,704,g_a,dpu,19454.3,19491.3
8,704,g_a_cpu,cpu,19491.3,19491.6
8,704,h_a,dpu,19491.6,19624.8
8,704,eb_enc,cpu,19624.8,19625
8,704,eb_dec,cpu,19625,19625.1
8,704,h_s,dpu,19625.1,19636.4
8,704,gc,cpu,19636.4,19646.1
8,711,normalize,cpu,19646.7,19650.4
8,711,g_a_cpu,cpu,19650.4,19650.7
8,711,g_a,dpu,19650.7,19687.6
8,711,g_a,dpu,19687.6,19725.3
8,711,g_a_cpu,cpu,19725.3,19725.7
8,711,h_a,dpu,19725.7,19824.2
8,711,eb_enc,cpu,19824.2,19824.4
8,711,eb_dec,cpu,19824.4,19824.5
8,711,h_s,dpu,19824.5,19897.2
8,711,gc,cpu,19897.2,19906.8
8,721,normalize,cpu,19907.3,19911
8,721,g_a_cpu,cpu,19911,19911.3
8,721,g_a,dpu,19911.3,19948.3
8,721,g_a,dpu,19948.3,19988.6
8,721,g_a_cpu,cpu,19988.6,19989
8,721,h_a,dpu,19989,20086.1
8,721,eb_enc,cpu,20086.1,20086.3
8,721,eb_dec,cpu,20086.3,20086.4
8,721,h_s,dpu,20086.4,20168.9
8,721,gc,cpu,20168.9,20178.8
8,731,normalize,cpu,20179.4,20183
8,731,g_a_cpu,cpu,20183,20183.3
8,731,g_a,dpu,20183.3,20220.3
8,731,g_a,dpu,20220.3,20258.9
8,731,g_a_cpu,cpu,20258.9,20259.3
8,731,h_a,dpu,20259.3,20310.5
8,731,eb_enc,cpu,20310.5,20310.7
8,731,eb_dec,cpu,20310.7,20310.8
8,731,h_s,dpu,20310.8,20362.1
8,731,gc,cpu,20362.1,20372
8,740,normalize,cpu,20372.6,20376.2
8,740,g_a_cpu,cpu,20376.2,20376.5
8,740,g_a,dpu,20376.5,20451.7
8,740,g_a,dpu,20451.7,20490.3
8,740,g_a_cpu,cpu,20490.3,20490.7
8,740,h_a,dpu,20490.7,20568
8,740,eb_enc,cpu,20568,20568.1
8,740,eb_dec,cpu,20568.1,20568.2
8,740,h_s,dpu,20568.2,20576.6
8,740,gc,cpu,20576.6,20586.8
8,748,normalize,cpu,20587.4,20591.1
8,748,g_a_cpu,cpu,20591.1,20591.4
8,748,g_a,dpu,20591.4,20706.3
8,748,g_a,dpu,20706.3,20744.7
8,748,g_a_cpu,cpu,20744.7,20745.1
8,748,h_a,dpu,20745.1,20767.6
8,748,eb_enc,cpu,20767.6,20767.7
8,748,eb_dec,cpu,20767.7,20767.8
8,748,h_s,dpu,20767.8,20828.7
8,748,gc,cpu,20828.7,20839.8
8,759,normalize,cpu,20840.5,20844.1
8,759,g_a_cpu,cpu,20844.1,20844.7
8,759,g_a,dpu,20844.7,20928.3
8,759,g_a,dpu,20928.3,21038.2
8,759,g_a_cpu,cpu,21038.2,21038.6
8,759,h_a,dpu,21038.6,21075
8,759,eb_enc,cpu,21075,21075.2
8,759,eb_dec,cpu,21075.2,21075.4
8,759,h_s,dpu,21075.4,21092.5
8,759,gc,cpu,21092.5,21102.7
8,768,normalize,cpu,21103.3,21107
8,768,g_a_cpu,cpu,21107,21107.4
8,768,g_a,dpu,21107.4,21201
8,768,g_a,dpu,21201,21310.4
8,768,g_a_cpu,cpu,21310.5,21310.8
8,768,h_a,dpu,21310.8,21380.7
8,768,eb_enc,cpu,21380.7,21380.8
8,768,eb_dec,cpu,21380.8,21381
8,768,h_s,dpu,21381,21393.3
8,768,gc,cpu,21393.3,21403
8,777,normalize,cpu,21403.6,21410.7
8,777,g_a_cpu,cpu,21410.7,21411
8,777,g_a,dpu,21411,21508.8
8,777,g_a,dpu,21508.8,21617.5
8,777,g_a_cpu,cpu,21617.5,21618
8,777,h_a,dpu,21618,21695.8
8,777,eb_enc,cpu,21695.8,21695.9
8,777,eb_dec,cpu,21695.9,21696
8,777,h_s,dpu,21696,21697.5
8,777,gc,cpu,21697.5,21707.6
8,785,normalize,cpu,21708.3,21712.1
8,785,g_a_cpu,cpu,21712.1,21712.4
8,785,g_a,dpu,21712.4,21791.4
8,785,g_a,dpu,21791.4,21904
8,785,g_a_cpu,cpu,21904,21904.4
8,785,h_a,dpu,21904.4,22000.1
8,785,eb_enc,cpu,22000.1,22000.3
8,785,eb_dec,cpu,22000.3,22000.4
8,785,h_s,dpu,22000.4,22004.8
8,785,gc,cpu,22004.8,22020.9
8,798,normalize,cpu,22021.4,22025.1
8,798,g_a_cpu,cpu,22025.1,22025.6
8,798,g_a,dpu,22025.6,22126.4
8,798,g_a,dpu,22126.4,22199.1
8,798,g_a_cpu,cpu,22199.1,22199.5
8,798,h_a,dpu,22199.5,22298.4
8,798,eb_enc,cpu,22298.4,22298.5
8,798,eb_dec,cpu,22298.5,22298.7
8,798,h_s,dpu,22298.7,22309.5
8,798,gc,cpu,22309.5,22319.6
8,808,normalize,cpu,22320.3,22323.9
8,808,g_a_cpu,cpu,22323.9,22324.2
8,808,g_a,dpu,22324.2,22401
8,808,g_a,dpu,22401,22473.8
8,808,g_a_cpu,cpu,22473.8,22474.2
8,808,h_a,dpu,22474.2,22561.2
8,808,eb_enc,cpu,22561.2,22561.3
8,808,eb_dec,cpu,22561.3,22561.5
8,808,h_s,dpu,22561.5,22563.6
8,808,gc,cpu,22563.6,22573.5
8,815,normalize,cpu,22573.9,22577.6
8,815,g_a_cpu,cpu,22577.6,22578
8,815,g_a,dpu,22578,22667
8,815,g_a,dpu,22667,22743.8
8,815,g_a_cpu,cpu,22743.8,22744.2
8,815,h_a,dpu,22744.2,22827.2
8,815,eb_enc,cpu,22827.2,22827.3
8,815,eb_dec,cpu,22827.3,22827.5
8,815,h_s,dpu,22827.5,22828.7
8,815,gc,cpu,22828.8,22838.7
8,825,normalize,cpu,22839.2,22843
8,825,g_a_cpu,cpu,22843,22843.3
8,825,g_a,dpu,22843.3,22915.1
8,825,g_a,dpu,22915.1,22989
8,825,g_a_cpu,cpu,22989,22989.4
8,825,h_a,dpu,22989.4,23085.8
8,825,eb_enc,cpu,23085.8,23086
8,825,eb_dec,cpu,23086,23086.1
8,825,h_s,dpu,23086.1,23087.5
8,825,gc,cpu,23087.5,23097.4
8,833,normalize,cpu,23097.8,23101.5
8,833,g_a_cpu,cpu,23101.6,23101.9
8,833,g_a,dpu,23101.9,23175
8,833,g_a,dpu,23175,23248.5
8,833,g_a_cpu,cpu,23248.5,23248.9
8,833,h_a,dpu,23248.9,23346.1
8,833,eb_enc,cpu,23346.1,23346.3
8,833,eb_dec,cpu,23346.3,23346.4
8,833,h_s,dpu,23346.4,23348.9
8,833,gc,cpu,23348.9,23358.9
8,844,normalize,cpu,23359.4,23363.1
8,844,g_a_cpu,cpu,23363.1,23363.5
8,844,g_a,dpu,23363.5,23413.8
8,844,g_a,dpu,23413.9,23486.7
8,844,g_a_cpu,cpu,23486.7,23487.1
8,844,h_a,dpu,23487.1,23570.9
8,844,eb_enc,cpu,23570.9,23571
8,844,eb_dec,cpu,23571,23571.2
8,844,h_s,dpu,23571.2,23590.7
8,844,gc,cpu,23590.7,23600.7
8,852,normalize,cpu,23601.2,23605
8,852,g_a_cpu,cpu,23605,23605.3
8,852,g_a,dpu,23605.3,23682.2
8,852,g_a,dpu,23682.2,23723
8,852,g_a_cpu,cpu,23723,23723.3
8,852,h_a,dpu,23723.3,23829.7
8,852,eb_enc,cpu,23829.7,23829.8
8,852,eb_dec,cpu,23829.8,23829.9
8,852,h_s,dpu,23829.9,23849.5
8,852,gc,cpu,23849.5,23859.2
8,862,normalize,cpu,23859.6,23864
8,862,g_a_cpu,cpu,23864,23864.5
8,862,g_a,dpu,23864.5,23938.1
8,862,g_a,dpu,23938.1,24014.2
8,862,g_a_cpu,cpu,24014.2,24014.6
8,862,h_a,dpu,24014.6,24123.9
8,862,eb_enc,cpu,24123.9,24124.1
8,862,eb_dec,cpu,24124.1,24124.2
8,862,h_s,dpu,24124.2,24143.9
8,862,gc,cpu,24143.9,24153.8
8,874,normalize,cpu,24154.3,24158
8,874,g_a_cpu,cpu,24158,24158.4
8,874,g_a,dpu,24158.4,24200.6
8,874,g_a,dpu,24200.6,24273.7
8,874,g_a_cpu,cpu,24273.7,24274.2
8,874,h_a,dpu,24274.2,24349.2
8,874,eb_enc,cpu,24349.2,24349.3
8,874,eb_dec,cpu,24349.3,24349.4
8,874,h_s,dpu,24349.4,24368.5
8,874,gc,cpu,24368.5,24381.4
8,882,normalize,cpu,24381.9,24385.5
8,882,g_a_cpu,cpu,24385.5,24385.8
8,882,g_a,dpu,24385.8,24473.3
8,882,g_a,dpu,24473.4,24547.2
8,882,g_a_cpu,cpu,24547.2,24547.6
8,882,h_a,dpu,24547.6,24646.1
8,882,eb_enc,cpu,24646.1,24646.2
8,882,eb_dec,cpu,24646.2,24646.4
8,882,h_s,dpu,24646.4,24661.3
8,882,gc,cpu,24661.3,24671
8,894,normalize,cpu,24671.5,24675.2
8,894,g_a_cpu,cpu,24675.2,24675.5
8,894,g_a,dpu,24675.5,24737.3
8,894,g_a,dpu,24737.3,24814.6
8,894,g_a_cpu,cpu,24814.6,24815
8,894,h_a,dpu,24815,24905.5
8,894,eb_enc,cpu,24905.5,24905.6
8,894,eb_dec,cpu,24905.6,24905.8
8,894,h_s,dpu,24905.8,24922
8,894,gc,cpu,24922,24931.8
8,901,normalize,cpu,24932.3,24935.9
8,901,g_a_cpu,cpu,24935.9,24936.3
8,901,g_a,dpu,24936.3,24973.4
8,901,g_a,dpu,24973.4,25013
8,901,g_a_cpu,cpu,25013,25013.5
8,901,h_a,dpu,25013.5,25090.8
8,901,eb_enc,cpu,25090.8,25091
8,901,eb_dec,cpu,25091,25091.1
8,901,h_s,dpu,25091.1,25177.1
8,901,gc,cpu,25177.1,25187
8,910,normalize,cpu,25187.5,25191.2
8,910,g_a_cpu,cpu,25191.2,25191.5
8,910,g_a,dpu,25191.5,25228.4
8,910,g_a,dpu,25228.4,25267.1
8,910,g_a_cpu,cpu,25267.1,25267.5
8,910,h_a,dpu,25267.5,25353.7
8,910,eb_enc,cpu,25353.7,25353.9
8,910,eb_dec,cpu,25353.9,25354
8,910,h_s,dpu,25354,25401.4
8,910,gc,cpu,25401.4,25411.1
8,919,normalize,cpu,25411.5,25416.3
8,919,g_a_cpu,cpu,25416.3,25416.7
8,919,g_a,dpu,25416.7,25456.9
8,919,g_a,dpu,25456.9,25497
8,919,g_a_cpu,cpu,25497,25497.4
8,919,h_a,dpu,25497.4,25574.8
8,919,eb_enc,cpu,25574.8,25574.9
8,919,eb_dec,cpu,25574.9,25575
8,919,h_s,dpu,25575,25627.8
8,919,gc,cpu,25627.8,25637.5
9,9,normalize,cpu,84.7861,88.4283
9,9,g_a_cpu,cpu,88.5267,88.9752
9,9,g_a,dpu,88.9799,226.489
9,9,g_a,dpu,226.494,334.033
9,9,g_a_cpu,cpu,334.035,334.458
9,9,h_a,dpu,334.464,336.23
9,9,eb_enc,cpu,336.23,336.373
9,9,eb_dec,cpu,336.374,336.484
9,9,h_s,dpu,336.484,340.466
9,9,gc,cpu,340.47,351.667
9,14,normalize,cpu,352.24,355.963
9,14,g_a_cpu,cpu,355.967,356.272
9,14,g_a,dpu,356.274,485.304
9,14,g_a,dpu,485.305,521.642
9,14,g_a_cpu,cpu,521.643,522.075
9,14,h_a,dpu,522.077,606.672
9,14,eb_enc,cpu,606.672,606.807
9,14,eb_dec,cpu,606.809,606.923
9,14,h_s,dpu,606.923,610.028
9,14,gc,cpu,610.028,619.897
9,21,normalize,cpu,620.484,624.104
9,21,g_a_cpu,cpu,624.107,624.49
9,21,g_a,dpu,624.492,749.154
9,21,g_a,dpu,749.157,861.041
9,21,g_a_cpu,cpu,861.042,861.474
9,21,h_a,dpu,861.475,873.38
9,21,eb_enc,cpu,873.381,873.509
9,21,eb_dec,cpu,873.51,873.62
9,21,h_s,dpu,873.62,875.021
9,21,gc,cpu,875.021,885.787
9,32,normalize,cpu,886.413,890.073
9,32,g_a_cpu,cpu,890.075,890.338
9,32,g_a,dpu,890.34,1009.54
9,32,g_a,dpu,1009.54,1155.71
9,32,g_a_cpu,cpu,1155.71,1156.29
9,32,h_a,dpu,1156.3,1174.89
9,32,eb_enc,cpu,1174.89,1175.02
9,32,eb_dec,cpu,1175.02,1175.14
9,32,h_s,dpu,1175.14,1197.46
9,32,gc,cpu,1197.46,1207.16
9,46,normalize,cpu,1208.02,1211.69
9,46,g_a_cpu,cpu,1211.69,1211.97
9,46,g_a,dpu,1211.97,1356.11
9,46,g_a,dpu,1356.12,1431.73
9,46,g_a_cpu,cpu,1431.73,1432.13
9,46,h_a,dpu,1432.13,1487.04
9,46,eb_enc,cpu,1487.04,1487.19
9,46,eb_dec,cpu,1487.19,1487.3
9,46,h_s,dpu,1487.3,1559.16
9,46,gc,cpu,1559.16,1569.83
9,58,normalize,cpu,1570.61,1574.28
9,58,g_a_cpu,cpu,1574.29,1574.95
9,58,g_a,dpu,1574.96,1693.29
9,58,g_a,dpu,1693.29,1808.73
9,58,g_a_cpu,cpu,1808.73,1809.21
9,58,h_a,dpu,1809.21,1856.36
9,58,eb_enc,cpu,1856.36,1856.52
9,58,eb_dec,cpu,1856.52,1856.63
9,58,h_s,dpu,1856.63,1885.7
9,58,gc,cpu,1885.7,1895.89
9,68,normalize,cpu,1896.43,1900.03
9,68,g_a_cpu,cpu,1900.04,1900.42
9,68,g_a,dpu,1900.42,1994.68
9,68,g_a,dpu,1994.68,2107.97
9,68,g_a_cpu,cpu,2107.97,2108.4
9,68,h_a,dpu,2108.41,2156.26
9,68,eb_enc,cpu,2156.27,2156.4
9,68,eb_dec,cpu,2156.41,2156.54
9,68,h_s,dpu,2156.54,2162.35
9,68,gc,cpu,2162.35,2172.24
9,79,normalize,cpu,2172.75,2176.45
9,79,g_a_cpu,cpu,2176.46,2176.71
9,79,g_a,dpu,2176.72,2265.41
9,79,g_a,dpu,2265.42,2409.89
9,79,g_a_cpu,cpu,2409.9,2410.35
9,79,h_a,dpu,2410.35,2460.13
9,79,eb_enc,cpu,2460.13,2460.29
9,79,eb_dec,cpu,2460.29,2460.4
9,79,h_s,dpu,2460.4,2511.67
9,79,gc,cpu,2511.67,2521.62
9,93,normalize,cpu,2523.11,2526.89
9,93,g_a_cpu,cpu,2526.89,2527.35
9,93,g_a,dpu,2527.36,2632.17
9,93,g_a,dpu,2632.18,2741.54
9,93,g_a_cpu,cpu,2741.54,2741.96
9,93,h_a,dpu,2741.97,2743.44
9,93,eb_enc,cpu,2743.44,2743.6
9,93,eb_dec,cpu,2743.6,2743.72
9,93,h_s,dpu,2743.72,2785.46
9,93,gc,cpu,2785.46,2796
9,104,normalize,cpu,2796.74,2800.38
9,104,g_a_cpu,cpu,2800.38,2800.68
9,104,g_a,dpu,2800.68,2928.55
9,104,g_a,dpu,2928.56,3074.57
9,104,g_a_cpu,cpu,3074.58,3075.14
9,104,h_a,dpu,3075.14,3077.2
9,104,eb_enc,cpu,3077.2,3077.38
9,104,eb_dec,cpu,3077.38,3077.5
9,104,h_s,dpu,3077.5,3107.74
9,104,gc,cpu,3107.74,3117.9
9,117,normalize,cpu,3118.6,3122.28
9,117,g_a_cpu,cpu,3122.29,3122.65
9,117,g_a,dpu,3122.65,3238.92
9,117,g_a,dpu,3238.92,3348.57
9,117,g_a_cpu,cpu,3348.57,3349
9,117,h_a,dpu,3349,3353.39
9,117,eb_enc,cpu,3353.39,3353.53
9,117,eb_dec,cpu,3353.53,3353.64
9,117,h_s,dpu,3353.64,3401.47
9,117,gc,cpu,3401.47,3411.21
9,126,normalize,cpu,3411.69,3415.34
9,126,g_a_cpu,cpu,3415.34,3415.7
9,126,g_a,dpu,3415.71,3500.97
9,126,g_a,dpu,3500.97,3609.53
9,126,g_a_cpu,cpu,3609.53,3609.94
9,126,h_a,dpu,3609.94,3612.31
9,126,eb_enc,cpu,3612.31,3612.45
9,126,eb_dec,cpu,3612.45,3612.56
9,126,h_s,dpu,3612.56,3633.28
9,126,gc,cpu,3633.28,3643.28
9,133,normalize,cpu,3643.76,3647.52
9,133,g_a_cpu,cpu,3647.53,3648.1
9,133,g_a,dpu,3648.1,3688.24
9,133,g_a,dpu,3688.24,3834.6
9,133,g_a_cpu,cpu,3834.6,3835.11
9,133,h_a,dpu,3835.11,3850.02
9,133,eb_enc,cpu,3850.02,3850.14
9,133,eb_dec,cpu,3850.14,3850.25
9,133,h_s,dpu,3850.25,3862.13
9,133,gc,cpu,3862.14,3872.15
9,140,normalize,cpu,3872.83,3876.46
9,140,g_a_cpu,cpu,3876.47,3876.73
9,140,g_a,dpu,3876.74,3985.52
9,140,g_a,dpu,3985.52,4131.51
9,140,g_a_cpu,cpu,4131.51,4131.96
9,140,h_a,dpu,4131.97,4150.95
9,140,eb_enc,cpu,4150.95,4151.07
9,140,eb_dec,cpu,4151.07,4151.18
9,140,h_s,dpu,4151.18,4163.85
9,140,gc,cpu,4163.85,4174.08
9,151,normalize,cpu,4174.64,4178.34
9,151,g_a_cpu,cpu,4178.35,4178.69
9,151,g_a,dpu,4178.7,4284.29
9,151,g_a,dpu,4284.29,4430.46
9,151,g_a_cpu,cpu,4430.46,4430.81
9,151,h_a,dpu,4430.81,4432.69
9,151,eb_enc,cpu,4432.69,4432.86
9,151,eb_dec,cpu,4432.86,4432.98
9,151,h_s,dpu,4432.98,4445.29
9,151,gc,cpu,4445.29,4455.24
9,161,normalize,cpu,4455.72,4459.37
9,161,g_a_cpu,cpu,4459.38,4459.68
9,161,g_a,dpu,4459.69,4582.72
9,161,g_a,dpu,4582.73,4728.25
9,161,g_a_cpu,cpu,4728.25,4728.75
9,161,h_a,dpu,4728.75,4754.67
9,161,eb_enc,cpu,4754.67,4754.79
9,161,eb_dec,cpu,4754.79,4754.91
9,161,h_s,dpu,4754.91,4800.99
9,161,gc,cpu,4800.99,4810.99
9,174,normalize,cpu,4811.72,4815.47
9,174,g_a_cpu,cpu,4815.47,4815.99
9,174,g_a,dpu,4815.99,4914.8
9,174,g_a,dpu,4914.81,5150.64
9,174,g_a_cpu,cpu,5150.64,5150.99
9,174,h_a,dpu,5150.99,5160.01
9,174,eb_enc,cpu,5160.01,5160.15
9,174,eb_dec,cpu,5160.15,5160.29
9,174,h_s,dpu,5160.29,5165.47
9,174,gc,cpu,5165.47,5175.4
9,187,normalize,cpu,5176.1,5179.8
9,187,g_a_cpu,cpu,5179.81,5180.11
9,187,g_a,dpu,5180.11,5312.06
9,187,g_a,dpu,5312.06,5456.97
9,187,g_a_cpu,cpu,5456.97,5457.37
9,187,h_a,dpu,5457.37,5459.11
9,187,eb_enc,cpu,5459.11,5459.23
9,187,eb_dec,cpu,5459.23,5459.34
9,187,h_s,dpu,5459.34,5478.73
9,187,gc,cpu,5478.73,5488.41
9,198,normalize,cpu,5488.88,5492.53
9,198,g_a_cpu,cpu,5492.54,5492.91
9,198,g_a,dpu,5492.91,5605.73
9,198,g_a,dpu,5605.73,5750.16
9,198,g_a_cpu,cpu,5750.16,5750.54
9,198,h_a,dpu,5750.54,5752.59
9,198,eb_enc,cpu,5752.59,5752.72
9,198,eb_dec,cpu,5752.72,5752.83
9,198,h_s,dpu,5752.83,5787.47
9,198,gc,cpu,5787.48,5797.75
9,208,normalize,cpu,5798.37,5802.03
9,208,g_a_cpu,cpu,5802.04,5802.4
9,208,g_a,dpu,5802.41,5904.98
9,208,g_a,dpu,5904.98,5941.29
9,208,g_a_cpu,cpu,5941.29,5941.78
9,208,h_a,dpu,5941.78,6023.68
9,208,eb_enc,cpu,6023.68,6023.82
9,208,eb_dec,cpu,6023.82,6023.93
9,208,h_s,dpu,6023.93,6044.05
9,208,gc,cpu,6044.05,6055.84
9,217,normalize,cpu,6056.53,6060.16
9,217,g_a_cpu,cpu,6060.16,6060.66
9,217,g_a,dpu,6060.66,6168.68
9,217,g_a,dpu,6168.68,6205.08
9,217,g_a_cpu,cpu,6205.08,6205.54
9,217,h_a,dpu,6205.54,6253.41
9,217,eb_enc,cpu,6253.41,6253.55
9,217,eb_dec,cpu,6253.55,6253.67
9,217,h_s,dpu,6253.67,6274.67
9,217,gc,cpu,6274.67,6284.28
9,225,normalize,cpu,6284.72,6288.45
9,225,g_a_cpu,cpu,6288.45,6288.64
9,225,g_a,dpu,6288.64,6392.62
9,225,g_a,dpu,6392.62,6538.86
9,225,g_a_cpu,cpu,6538.86,6539.39
9,225,h_a,dpu,6539.4,6552.48
9,225,eb_enc,cpu,6552.48,6552.61
9,225,eb_dec,cpu,6552.62,6552.73
9,225,h_s,dpu,6552.73,6557.35
9,225,gc,cpu,6557.35,6567.34
9,236,normalize,cpu,6567.95,6571.6
9,236,g_a_cpu,cpu,6571.6,6571.89
9,236,g_a,dpu,6571.89,6692.3
9,236,g_a,dpu,6692.3,6801.05
9,236,g_a_cpu,cpu,6801.05,6801.56
9,236,h_a,dpu,6801.56,6818.21
9,236,eb_enc,cpu,6818.21,6818.34
9,236,eb_dec,cpu,6818.35,6818.46
9,236,h_s,dpu,6818.46,6840.02
9,236,gc,cpu,6840.02,6849.89
9,247,normalize,cpu,6850.44,6854.09
9,247,g_a_cpu,cpu,6854.1,6854.38
9,247,g_a,dpu,6854.38,6950
9,247,g_a,dpu,6950,7095.28
9,247,g_a_cpu,cpu,7095.28,7095.79
9,247,h_a,dpu,7095.79,7111.69
9,247,eb_enc,cpu,7111.69,7111.84
9,247,eb_dec,cpu,7111.84,7111.95
9,247,h_s,dpu,7111.95,7131.23
9,247,gc,cpu,7131.23,7141.56
9,259,normalize,cpu,7142.14,7145.79
9,259,g_a_cpu,cpu,7145.79,7146.18
9,259,g_a,dpu,7146.18,7245.4
9,259,g_a,dpu,7245.4,7354.33
9,259,g_a_cpu,cpu,7354.33,7354.79
9,259,h_a,dpu,7354.79,7356.51
9,259,eb_enc,cpu,7356.52,7356.67
9,259,eb_dec,cpu,7356.67,7356.79
9,259,h_s,dpu,7356.79,7358.32
9,259,gc,cpu,7358.32,7368.27
9,265,normalize,cpu,7369.25,7377.84
9,265,g_a_cpu,cpu,7377.84,7378.24
9,265,g_a,dpu,7378.25,7519.67
9,265,g_a,dpu,7519.67,7556.18
9,265,g_a_cpu,cpu,7556.18,7556.58
9,265,h_a,dpu,7556.58,7595.1
9,265,eb_enc,cpu,7595.1,7595.25
9,265,eb_dec,cpu,7595.26,7595.38
9,265,h_s,dpu,7595.38,7601.82
9,265,gc,cpu,7601.82,7611.92
9,272,normalize,cpu,7612.47,7616.08
9,272,g_a_cpu,cpu,7616.09,7616.4
9,272,g_a,dpu,7616.4,7726.46
9,272,g_a,dpu,7726.46,7871.14
9,272,g_a_cpu,cpu,7871.14,7871.54
9,272,h_a,dpu,7871.54,7902.34
9,272,eb_enc,cpu,7902.34,7902.47
9,272,eb_dec,cpu,7902.47,7902.58
9,272,h_s,dpu,7902.58,7918.68
9,272,gc,cpu,7918.68,7928.83
9,284,normalize,cpu,7929.32,7932.97
9,284,g_a_cpu,cpu,7932.98,7933.24
9,284,g_a,dpu,7933.25,8057.99
9,284,g_a,dpu,8057.99,8094.32
9,284,g_a_cpu,cpu,8094.32,8094.81
9,284,h_a,dpu,8094.81,8147.4
9,284,eb_enc,cpu,8147.41,8147.53
9,284,eb_dec,cpu,8147.54,8147.65
9,284,h_s,dpu,8147.65,8156.74
9,284,gc,cpu,8156.75,8166.5
9,293,normalize,cpu,8166.98,8170.75
9,293,g_a_cpu,cpu,8170.75,8171.02
9,293,g_a,dpu,8171.02,8288.14
9,293,g_a,dpu,8288.14,8401.52
9,293,g_a_cpu,cpu,8401.52,8401.9
9,293,h_a,dpu,8401.9,8445.81
9,293,eb_enc,cpu,8445.82,8445.94
9,293,eb_dec,cpu,8445.94,8446.05
9,293,h_s,dpu,8446.05,8463.94
9,293,gc,cpu,8463.94,8473.65
9,305,normalize,cpu,8474.16,8478.47
9,305,g_a_cpu,cpu,8478.47,8478.81
9,305,g_a,dpu,8478.81,8663.1
9,305,g_a,dpu,8663.1,8776.22
9,305,g_a_cpu,cpu,8776.22,8776.55
9,305,h_a,dpu,8776.56,8791.08
9,305,eb_enc,cpu,8791.09,8791.24
9,305,eb_dec,cpu,8791.24,8791.36
9,305,h_s,dpu,8791.36,8845.4
9,305,gc,cpu,8845.4,8856.1
9,320,normalize,cpu,8856.58,8860.26
9,320,g_a_cpu,cpu,8860.26,8860.55
9,320,g_a,dpu,8860.55,8964.04
9,320,g_a,dpu,8964.05,9076.56
9,320,g_a_cpu,cpu,9076.56,9077.02
9,320,h_a,dpu,9077.02,9126.55
9,320,eb_enc,cpu,9126.55,9126.7
9,320,eb_dec,cpu,9126.7,9126.81
9,320,h_s,dpu,9126.81,9130.25
9,320,gc,cpu,9130.26,9140.22
9,331,normalize,cpu,9140.72,9144.37
9,331,g_a_cpu,cpu,9144.38,9144.71
9,331,g_a,dpu,9144.72,9298.17
9,331,g_a,dpu,9298.17,9334.47
9,331,g_a_cpu,cpu,9334.47,9334.92
9,331,h_a,dpu,9334.92,9350.69
9,331,eb_enc,cpu,9350.69,9350.83
9,331,eb_dec,cpu,9350.83,9350.95
9,331,h_s,dpu,9350.95,9355.81
9,331,gc,cpu,9355.81,9365.64
9,339,normalize,cpu,9366.15,9369.84
9,339,g_a_cpu,cpu,9369.85,9370.19
9,339,g_a,dpu,9370.19,9556.3
9,339,g_a,dpu,9556.3,9707.82
9,339,g_a_cpu,cpu,9707.83,9708.25
9,339,h_a,dpu,9708.26,9758.81
9,339,eb_enc,cpu,9758.81,9758.94
9,339,eb_dec,cpu,9758.94,9759.05
9,339,h_s,dpu,9759.05,9813.91
9,339,gc,cpu,9813.91,9827.29
9,351,normalize,cpu,9827.8,9831.45
9,351,g_a_cpu,cpu,9831.46,9831.9
9,351,g_a,dpu,9831.9,9896.33
9,351,g_a,dpu,9896.33,10004.7
9,351,g_a_cpu,cpu,10004.7,10005
9,351,h_a,dpu,10005,10065.2
9,351,eb_enc,cpu,10065.2,10065.3
9,351,eb_dec,cpu,10065.3,10065.4
9,351,h_s,dpu,10065.4,10069.9
9,351,gc,cpu,10069.9,10080
9,362,normalize,cpu,10080.5,10084.1
9,362,g_a_cpu,cpu,10084.2,10084.4
9,362,g_a,dpu,10084.4,10236
9,362,g_a,dpu,10236,10345.3
9,362,g_a_cpu,cpu,10345.3,10345.6
9,362,h_a,dpu,10345.6,10354.8
9,362,eb_enc,cpu,10354.8,10354.9
9,362,eb_dec,cpu,10354.9,10355
9,362,h_s,dpu,10355,10362.7
9,362,gc,cpu,10362.7,10372.5
9,372,normalize,cpu,10373,10376.7
9,372,g_a_cpu,cpu,10376.7,10376.9
9,372,g_a,dpu,10376.9,10544.5
9,372,g_a,dpu,10544.5,10580.8
9,372,g_a_cpu,cpu,10580.8,10581.1
9,372,h_a,dpu,10581.1,10583.3
9,372,eb_enc,cpu,10583.3,10583.4
9,372,eb_dec,cpu,10583.4,10583.5
9,372,h_s,dpu,10583.5,10593.5
9,372,gc,cpu,10593.5,10603.4
9,381,normalize,cpu,10603.8,10607.5
9,381,g_a_cpu,cpu,10607.5,10607.8
9,381,g_a,dpu,10607.8,10730.4
9,381,g_a,dpu,10730.4,10766.7
9,381,g_a_cpu,cpu,10766.7,10767.2
9,381,h_a,dpu,10767.2,10781.6
9,381,eb_enc,cpu,10781.6,10781.8
9,381,eb_dec,cpu,10781.8,10781.9
9,381,h_s,dpu,10781.9,10799.8
9,381,gc,cpu,10799.8,10809.8
9,387,normalize,cpu,10810.3,10814
9,387,g_a_cpu,cpu,10814,10814.3
9,387,g_a,dpu,10814.3,10924.3
9,387,g_a,dpu,10924.3,11073.3
9,387,g_a_cpu,cpu,11073.3,11073.8
9,387,h_a,dpu,11073.8,11089.7
9,387,eb_enc,cpu,11089.7,11089.9
9,387,eb_dec,cpu,11089.9,11090
9,387,h_s,dpu,11090,11108.2
9,387,gc,cpu,11108.2,11118.5
9,399,normalize,cpu,11119.1,11122.8
9,399,g_a_cpu,cpu,11122.8,11123.2
9,399,g_a,dpu,11123.2,11229.3
9,399,g_a,dpu,11229.3,11376.7
9,399,g_a_cpu,cpu,11376.7,11377.1
9,399,h_a,dpu,11377.1,11378.6
9,399,eb_enc,cpu,11378.6,11378.7
9,399,eb_dec,cpu,11378.7,11378.8
9,399,h_s,dpu,11378.8,11390
9,399,gc,cpu,11390,11399.5
9,409,normalize,cpu,11400,11403.6
9,409,g_a_cpu,cpu,11403.6,11403.9
9,409,g_a,dpu,11403.9,11527.8
9,409,g_a,dpu,11527.8,11672.1
9,409,g_a_cpu,cpu,11672.2,11672.7
9,409,h_a,dpu,11672.7,11674.6
9,409,eb_enc,cpu,11674.6,11674.7
9,409,eb_dec,cpu,11674.7,11674.9
9,409,h_s,dpu,11674.9,11676.3
9,409,gc,cpu,11676.3,11686.3
9,420,normalize,cpu,11686.8,11690.6
9,420,g_a_cpu,cpu,11690.6,11691
9,420,g_a,dpu,11691,11827
9,420,g_a,dpu,11827,11935.5
9,420,g_a_cpu,cpu,11935.5,11936
9,420,h_a,dpu,11936,11937.9
9,420,eb_enc,cpu,11937.9,11938
9,420,eb_dec,cpu,11938,11938.1
9,420,h_s,dpu,11938.1,11959.3
9,420,gc,cpu,11959.3,11969.2
9,432,normalize,cpu,11969.7,11973.4
9,432,g_a_cpu,cpu,11973.4,11973.9
9,432,g_a,dpu,11973.9,12120.4
9,432,g_a,dpu,12120.4,12231.1
9,432,g_a_cpu,cpu,12231.1,12231.6
9,432,h_a,dpu,12231.6,12250.8
9,432,eb_enc,cpu,12250.8,12250.9
9,432,eb_dec,cpu,12250.9,12251
9,432,h_s,dpu,12251,12304
9,432,gc,cpu,12304,12313.8
9,445,normalize,cpu,12314.4,12318
9,445,g_a_cpu,cpu,12318,12318.3
9,445,g_a,dpu,12318.3,12454.1
9,445,g_a,dpu,12454.1,12569.3
9,445,g_a_cpu,cpu,12569.3,12569.7
9,445,h_a,dpu,12569.7,12622.4
9,445,eb_enc,cpu,12622.4,12622.6
9,445,eb_dec,cpu,12622.6,12622.7
9,445,h_s,dpu,12622.7,12654.4
9,445,gc,cpu,12654.4,12664.7
9,458,normalize,cpu,12665.5,12669.1
9,458,g_a_cpu,cpu,12669.1,12669.4
9,458,g_a,dpu,12669.4,12792.4
9,458,g_a,dpu,12792.4,12901.7
9,458,g_a_cpu,cpu,12901.7,12902.1
9,458,h_a,dpu,12902.1,12919.5
9,458,eb_enc,cpu,12919.5,12919.6
9,458,eb_dec,cpu,12919.6,12919.7
9,458,h_s,dpu,12919.7,12935.2
9,458,gc,cpu,12935.2,12945
9,468,normalize,cpu,12945.6,12949.2
9,468,g_a_cpu,cpu,12949.2,12949.5
9,468,g_a,dpu,12949.5,13100.1
9,468,g_a,dpu,13100.1,13210.6
9,468,g_a_cpu,cpu,13210.6,13211.1
9,468,h_a,dpu,13211.1,13215.7
9,468,eb_enc,cpu,13215.7,13215.8
9,468,eb_dec,cpu,13215.8,13215.9
9,468,h_s,dpu,13215.9,13233.4
9,468,gc,cpu,13233.4,13242.9
9,479,normalize,cpu,13243.4,13247.1
9,479,g_a_cpu,cpu,13247.1,13247.4
9,479,g_a,dpu,13247.4,13368.2
9,479,g_a,dpu,13368.2,13514.8
9,479,g_a_cpu,cpu,13514.8,13515.1
9,479,h_a,dpu,13515.1,13516.9
9,479,eb_enc,cpu,13516.9,13517.1
9,479,eb_dec,cpu,13517.1,13517.2
9,479,h_s,dpu,13517.2,13542.8
9,479,gc,cpu,13542.8,13552.5
9,491,normalize,cpu,13553,13556.7
9,491,g_a_cpu,cpu,13556.7,13557.9
9,491,g_a,dpu,13557.9,13594.4
9,491,g_a,dpu,13594.4,13704.2
9,491,g_a_cpu,cpu,13704.2,13704.7
9,491,h_a,dpu,13704.7,13754.6
9,491,eb_enc,cpu,13754.6,13754.8
9,491,eb_dec,cpu,13754.8,13754.9
9,491,h_s,dpu,13754.9,13761.3
9,491,gc,cpu,13761.3,13771.2
9,498,normalize,cpu,13771.7,13775.4
9,498,g_a_cpu,cpu,13775.4,13775.6
9,498,g_a,dpu,13775.6,13892.1
9,498,g_a,dpu,13892.1,14000.4
9,498,g_a_cpu,cpu,14000.4,14000.8
9,498,h_a,dpu,14000.8,14015.4
9,498,eb_enc,cpu,14015.4,14015.5
9,498,eb_dec,cpu,14015.5,14015.6
9,498,h_s,dpu,14015.6,14018.6
9,498,gc,cpu,14018.6,14028.7
9,508,normalize,cpu,14029.3,14033.1
9,508,g_a_cpu,cpu,14033.1,14033.4
9,508,g_a,dpu,14033.4,14153.3
9,508,g_a,dpu,14153.3,14302.8
9,508,g_a_cpu,cpu,14302.8,14303.3
9,508,h_a,dpu,14303.3,14305.1
9,508,eb_enc,cpu,14305.1,14305.4
9,508,eb_dec,cpu,14305.4,14305.5
9,508,h_s,dpu,14305.5,14332.5
9,508,gc,cpu,14332.5,14342.2
9,522,normalize,cpu,14342.9,14346.6
9,522,g_a_cpu,cpu,14346.6,14347.2
9,522,g_a,dpu,14347.2,14488.4
9,522,g_a,dpu,14488.4,14599.1
9,522,g_a_cpu,cpu,14599.1,14599.5
9,522,h_a,dpu,14599.5,14601.4
9,522,eb_enc,cpu,14601.4,14601.6
9,522,eb_dec,cpu,14601.6,14601.7
9,522,h_s,dpu,14601.7,14654
9,522,gc,cpu,14654,14663.6
9,532,normalize,cpu,14664.1,14667.7
9,532,g_a_cpu,cpu,14667.7,14668.1
9,532,g_a,dpu,14668.1,14783.6
9,532,g_a,dpu,14783.6,15017.3
9,532,g_a_cpu,cpu,15017.3,15017.8
9,532,h_a,dpu,15017.8,15098
9,532,eb_enc,cpu,15098,15098.1
9,532,eb_dec,cpu,15098.1,15098.2
9,532,h_s,dpu,15098.2,15124.4
9,532,gc,cpu,15124.4,15134.2
9,547,normalize,cpu,15134.9,15138.6
9,547,g_a_cpu,cpu,15138.6,15138.8
9,547,g_a,dpu,15138.8,15240.3
9,547,g_a,dpu,15240.3,15386.2
9,547,g_a_cpu,cpu,15386.2,15386.7
9,547,h_a,dpu,15386.7,15406
9,547,eb_enc,cpu,15406,15406.2
9,547,eb_dec,cpu,15406.2,15406.3
9,547,h_s,dpu,15406.3,15425.3
9,547,gc,cpu,15425.3,15435.4
9,558,normalize,cpu,15435.9,15439.6
9,558,g_a_cpu,cpu,15439.6,15439.9
9,558,g_a,dpu,15439.9,15536.9
9,558,g_a,dpu,15536.9,15648.2
9,558,g_a_cpu,cpu,15648.2,15648.5
9,558,h_a,dpu,15648.5,15705.3
9,558,eb_enc,cpu,15705.3,15705.4
9,558,eb_dec,cpu,15705.4,15705.5
9,558,h_s,dpu,15705.5,15721.2
9,558,gc,cpu,15721.2,15731.1
9,569,normalize,cpu,15731.6,15735.3
9,569,g_a_cpu,cpu,15735.3,15735.5
9,569,g_a,dpu,15735.5,15836.9
9,569,g_a,dpu,15836.9,15949.3
9,569,g_a_cpu,cpu,15949.3,15949.7
9,569,h_a,dpu,15949.7,16005.3
9,569,eb_enc,cpu,16005.3,16005.5
9,569,eb_dec,cpu,16005.5,16005.6
9,569,h_s,dpu,16005.6,16036.5
9,569,gc,cpu,16036.5,16046.5
9,579,normalize,cpu,16047,16050.7
9,579,g_a_cpu,cpu,16050.7,16051
9,579,g_a,dpu,16051,16140.3
9,579,g_a,dpu,16140.3,16248.5
9,579,g_a_cpu,cpu,16248.5,16248.9
9,579,h_a,dpu,16248.9,16298.8
9,579,eb_enc,cpu,16298.8,16298.9
9,579,eb_dec,cpu,16298.9,16299
9,579,h_s,dpu,16299,16314.9
9,579,gc,cpu,16314.9,16325
9,590,normalize,cpu,16325.7,16329.4
9,590,g_a_cpu,cpu,16329.4,16329.7
9,590,g_a,dpu,16329.7,16399.4
9,590,g_a,dpu,16399.4,16543.3
9,590,g_a_cpu,cpu,16543.3,16543.8
9,590,h_a,dpu,16543.8,16559.5
9,590,eb_enc,cpu,16559.5,16559.6
9,590,eb_dec,cpu,16559.6,16559.7
9,590,h_s,dpu,16559.7,16565.4
9,590,gc,cpu,16565.4,16575.1
9,600,normalize,cpu,16575.8,16579.5
9,600,g_a_cpu,cpu,16579.5,16579.7
9,600,g_a,dpu,16579.7,16739.1
9,600,g_a,dpu,16739.1,16775.4
9,600,g_a_cpu,cpu,16775.4,16775.8
9,600,h_a,dpu,16775.8,16783.8
9,600,eb_enc,cpu,16783.8,16783.9
9,600,eb_dec,cpu,16783.9,16784
9,600,h_s,dpu,16784.1,16807.6
9,600,gc,cpu,16807.6,16817.8
9,610,normalize,cpu,16818.4,16822.1
9,610,g_a_cpu,cpu,16822.1,16822.3
9,610,g_a,dpu,16822.3,16962.5
9,610,g_a,dpu,16962.5,17108.5
9,610,g_a_cpu,cpu,17108.5,17108.8
9,610,h_a,dpu,17108.8,17111.2
9,610,eb_enc,cpu,17111.2,17111.4
9,610,eb_dec,cpu,17111.4,17111.5
9,610,h_s,dpu,17111.5,17165.5
9,610,gc,cpu,17165.5,17175.3
9,624,normalize,cpu,17175.8,17179.6
9,624,g_a_cpu,cpu,17179.6,17179.9
9,624,g_a,dpu,17179.9,17260.7
9,624,g_a,dpu,17260.7,17407.5
9,624,g_a_cpu,cpu,17407.5,17408
9,624,h_a,dpu,17408,17425.9
9,624,eb_enc,cpu,17425.9,17426
9,624,eb_dec,cpu,17426,17426.2
9,624,h_s,dpu,17426.2,17444.3
9,624,gc,cpu,17444.3,17453.9
9,636,normalize,cpu,17454.5,17458.1
9,636,g_a_cpu,cpu,17458.1,17458.4
9,636,g_a,dpu,17458.4,17562.8
9,636,g_a,dpu,17562.9,17670.6
9,636,g_a_cpu,cpu,17670.6,17671
9,636,h_a,dpu,17671,17672.8
9,636,eb_enc,cpu,17672.8,17672.9
9,636,eb_dec,cpu,17672.9,17673.1
9,636,h_s,dpu,17673.1,17686.4
9,636,gc,cpu,17686.4,17696.6
9,643,normalize,cpu,17697.1,17700.7
9,643,g_a_cpu,cpu,17700.7,17701.1
9,643,g_a,dpu,17701.1,17855.8
9,643,g_a,dpu,17855.8,18001.7
9,643,g_a_cpu,cpu,18001.7,18002.2
9,643,h_a,dpu,18002.2,18003.8
9,643,eb_enc,cpu,18003.8,18003.9
9,643,eb_dec,cpu,18003.9,18004.1
9,643,h_s,dpu,18004.1,18077.1
9,643,gc,cpu,18077.1,18086.8
9,657,normalize,cpu,18087.3,18090.9
9,657,g_a_cpu,cpu,18090.9,18091.2
9,657,g_a,dpu,18091.3,18197.5
9,657,g_a,dpu,18197.5,18307.6
9,657,g_a_cpu,cpu,18307.6,18308.1
9,657,h_a,dpu,18308.1,18323.5
9,657,eb_enc,cpu,18323.5,18323.7
9,657,eb_dec,cpu,18323.7,18323.8
9,657,h_s,dpu,18323.8,18384.6
9,657,gc,cpu,18384.6,18394.5
9,667,normalize,cpu,18395,18399.4
9,667,g_a_cpu,cpu,18399.4,18399.7
9,667,g_a,dpu,18399.7,18493.2
9,667,g_a,dpu,18493.2,18604.3
9,667,g_a_cpu,cpu,18604.3,18604.7
9,667,h_a,dpu,18604.7,18663.5
9,667,eb_enc,cpu,18663.5,18663.6
9,667,eb_dec,cpu,18663.6,18663.7
9,667,h_s,dpu,18663.7,18685.2
9,667,gc,cpu,18685.2,18695.3
9,679,normalize,cpu,18695.9,18699.6
9,679,g_a_cpu,cpu,18699.6,18700.1
9,679,g_a,dpu,18700.1,18791.1
9,679,g_a,dpu,18791.1,18991.1
9,679,g_a_cpu,cpu,18991.1,18991.5
9,679,h_a,dpu,18991.5,19033.7
9,679,eb_enc,cpu,19033.7,19033.8
9,679,eb_dec,cpu,19033.8,19033.9
9,679,h_s,dpu,19033.9,19038.9
9,679,gc,cpu,19038.9,19048.5
9,691,normalize,cpu,19049.1,19052.7
9,691,g_a_cpu,cpu,19052.7,19053.1
9,691,g_a,dpu,19053.1,19175.9
9,691,g_a,dpu,19175.9,19324.2
9,691,g_a_cpu,cpu,19324.2,19324.6
9,691,h_a,dpu,19324.6,19340.8
9,691,eb_enc,cpu,19340.8,19341
9,691,eb_dec,cpu,19341,19341.1
9,691,h_s,dpu,19341.1,19397.8
9,691,gc,cpu,19397.8,19408
9,702,normalize,cpu,19408.6,19412.3
9,702,g_a_cpu,cpu,19412.3,19412.7
9,702,g_a,dpu,19412.7,19480.2
9,702,g_a,dpu,19480.2,19623.7
9,702,g_a_cpu,cpu,19623.7,19624.3
9,702,h_a,dpu,19624.3,19635.5
9,702,eb_enc,cpu,19635.5,19635.6
9,702,eb_dec,cpu,19635.6,19635.7
9,702,h_s,dpu,19635.7,19647.3
9,702,gc,cpu,19647.3,19657.1
9,713,normalize,cpu,19657.5,19661.3
9,713,g_a_cpu,cpu,19661.3,19661.6
9,713,g_a,dpu,19661.6,19787
9,713,g_a,dpu,19787,19932
9,713,g_a_cpu,cpu,19932,19932.4
9,713,h_a,dpu,19932.4,19935.6
9,713,eb_enc,cpu,19935.6,19935.7
9,713,eb_dec,cpu,19935.7,19935.8
9,713,h_s,dpu,19935.8,19952.3
9,713,gc,cpu,19952.3,19962.1
9,723,normalize,cpu,19962.6,19966.3
9,723,g_a_cpu,cpu,19966.3,19966.6
9,723,g_a,dpu,19966.6,20085.3
9,723,g_a,dpu,20085.3,20196.2
9,723,g_a_cpu,cpu,20196.2,20196.6
9,723,h_a,dpu,20196.6,20244.2
9,723,eb_enc,cpu,20244.2,20244.3
9,723,eb_dec,cpu,20244.3,20244.5
9,723,h_s,dpu,20244.5,20263.7
9,723,gc,cpu,20263.7,20274.4
9,734,normalize,cpu,20274.9,20278.5
9,734,g_a_cpu,cpu,20278.5,20279.1
9,734,g_a,dpu,20279.1,20348.2
9,734,g_a,dpu,20348.2,20455.9
9,734,g_a_cpu,cpu,20455.9,20456.5
9,734,h_a,dpu,20456.5,20507
9,734,eb_enc,cpu,20507,20507.1
9,734,eb_dec,cpu,20507.1,20507.2
9,734,h_s,dpu,20507.2,20511.1
9,734,gc,cpu,20511.1,20521.4
9,743,normalize,cpu,20522.1,20525.8
9,743,g_a_cpu,cpu,20525.8,20526.2
9,743,g_a,dpu,20526.2,20620.3
9,743,g_a,dpu,20620.3,20728.1
9,743,g_a_cpu,cpu,20728.1,20728.6
9,743,h_a,dpu,20728.6,20800.6
9,743,eb_enc,cpu,20800.6,20800.8
9,743,eb_dec,cpu,20800.8,20800.9
9,743,h_s,dpu,20800.9,20805.5
9,743,gc,cpu,20805.5,20822.8
9,755,normalize,cpu,20823.6,20827.3
9,755,g_a_cpu,cpu,20827.3,20827.9
9,755,g_a,dpu,20827.9,20927.1
9,755,g_a,dpu,20927.1,21035.1
9,755,g_a_cpu,cpu,21035.1,21035.5
9,755,h_a,dpu,21035.5,21048
9,755,eb_enc,cpu,21048,21048.1
9,755,eb_dec,cpu,21048.1,21048.3
9,755,h_s,dpu,21048.3,21051.8
9,755,gc,cpu,21051.8,21062
9,762,normalize,cpu,21062.5,21066.2
9,762,g_a_cpu,cpu,21066.2,21066.6
9,762,g_a,dpu,21066.6,21197.1
9,762,g_a,dpu,21197.1,21341
9,762,g_a_cpu,cpu,21341,21341.4
9,762,h_a,dpu,21341.4,21342.9
9,762,eb_enc,cpu,21342.9,21343
9,762,eb_dec,cpu,21343,21343.1
9,762,h_s,dpu,21343.1,21344.3
9,762,gc,cpu,21344.3,21353.7
9,772,normalize,cpu,21354.2,21357.9
9,772,g_a_cpu,cpu,21357.9,21358.1
9,772,g_a,dpu,21358.1,21512
9,772,g_a,dpu,21512,21656.1
9,772,g_a_cpu,cpu,21656.1,21656.6
9,772,h_a,dpu,21656.6,21658.2
9,772,eb_enc,cpu,21658.2,21658.3
9,772,eb_dec,cpu,21658.3,21658.4
9,772,h_s,dpu,21658.4,21659.6
9,772,gc,cpu,21659.6,21669.3
9,783,normalize,cpu,21669.8,21673.4
9,783,g_a_cpu,cpu,21673.4,21673.7
9,783,g_a,dpu,21673.8,21816.8
9,783,g_a,dpu,21816.8,21960.3
9,783,g_a_cpu,cpu,21960.3,21960.7
9,783,h_a,dpu,21960.7,21962.3
9,783,eb_enc,cpu,21962.3,21962.5
9,783,eb_dec,cpu,21962.5,21962.6
9,783,h_s,dpu,21962.6,21963.7
9,783,gc,cpu,21963.7,21973.8
9,793,normalize,cpu,21974.3,21977.9
9,793,g_a_cpu,cpu,21977.9,21978.3
9,793,g_a,dpu,21978.3,22116
9,793,g_a,dpu,22116,22260.5
9,793,g_a_cpu,cpu,22260.5,22260.9
9,793,h_a,dpu,22260.9,22262.3
9,793,eb_enc,cpu,22262.3,22262.4
9,793,eb_dec,cpu,22262.4,22262.6
9,793,h_s,dpu,22262.6,22286.2
9,793,gc,cpu,22286.2,22295.7
9,803,normalize,cpu,22296.2,22305
9,803,g_a_cpu,cpu,22305,22305.4
9,803,g_a,dpu,22305.4,22341.9
9,803,g_a,dpu,22341.9,22378.2
9,803,g_a_cpu,cpu,22378.2,22378.6
9,803,h_a,dpu,22378.6,22465.4
9,803,eb_enc,cpu,22465.4,22465.6
9,803,eb_dec,cpu,22465.6,22465.7
9,803,h_s,dpu,22465.7,22477.1
9,803,gc,cpu,22477.1,22486.7
9,810,normalize,cpu,22488,22491.6
9,810,g_a_cpu,cpu,22491.6,22491.9
9,810,g_a,dpu,22491.9,22634.7
9,810,g_a,dpu,22634.7,22715
9,810,g_a_cpu,cpu,22715,22715.4
9,810,h_a,dpu,22715.4,22761
9,810,eb_enc,cpu,22761,22761.2
9,810,eb_dec,cpu,22761.2,22761.3
9,810,h_s,dpu,22761.3,22783.2
9,810,gc,cpu,22783.2,22793.2
9,821,normalize,cpu,22793.7,22797.3
9,821,g_a_cpu,cpu,22797.3,22797.8
9,821,g_a,dpu,22797.9,22900.9
9,821,g_a,dpu,22900.9,23010.9
9,821,g_a_cpu,cpu,23010.9,23011.5
9,821,h_a,dpu,23011.5,23074.5
9,821,eb_enc,cpu,23074.5,23074.7
9,821,eb_dec,cpu,23074.7,23074.8
9,821,h_s,dpu,23074.8,23081.4
9,821,gc,cpu,23081.4,23091.9
9,832,normalize,cpu,23092.5,23096.1
9,832,g_a_cpu,cpu,23096.2,23096.6
9,832,g_a,dpu,23096.6,23200.3
9,832,g_a,dpu,23200.3,23307.9
9,832,g_a_cpu,cpu,23307.9,23308.5
9,832,h_a,dpu,23308.5,23324.4
9,832,eb_enc,cpu,23324.4,23324.5
9,832,eb_dec,cpu,23324.5,23324.6
9,832,h_s,dpu,23324.6,23335.9
9,832,gc,cpu,23335.9,23345.9
9,842,normalize,cpu,23347.4,23354.2
9,842,g_a_cpu,cpu,23354.2,23354.6
9,842,g_a,dpu,23354.6,23496.3
9,842,g_a,dpu,23496.3,23607.9
9,842,g_a_cpu,cpu,23607.9,23608.3
9,842,h_a,dpu,23608.3,23627.7
9,842,eb_enc,cpu,23627.7,23627.8
9,842,eb_dec,cpu,23627.8,23628
9,842,h_s,dpu,23628,23684
9,842,gc,cpu,23684,23694.2
9,856,normalize,cpu,23694.6,23698.3
9,856,g_a_cpu,cpu,23698.3,23698.6
9,856,g_a,dpu,23698.6,23792.6
9,856,g_a,dpu,23792.6,23977
9,856,g_a_cpu,cpu,23977,23977.4
9,856,h_a,dpu,23977.4,24029
9,856,eb_enc,cpu,24029,24029.1
9,856,eb_dec,cpu,24029.1,24029.2
9,856,h_s,dpu,24029.2,24055.2
9,856,gc,cpu,24055.2,24064.8
9,869,normalize,cpu,24066.5,24070.6
9,869,g_a_cpu,cpu,24070.6,24071
9,869,g_a,dpu,24071,24164.3
9,869,g_a,dpu,24164.3,24275.2
9,869,g_a_cpu,cpu,24275.2,24275.5
9,869,h_a,dpu,24275.5,24330.2
9,869,eb_enc,cpu,24330.2,24330.3
9,869,eb_dec,cpu,24330.3,24330.4
9,869,h_s,dpu,24330.4,24353.4
9,869,gc,cpu,24353.4,24363.4
9,880,normalize,cpu,24363.9,24368.2
9,880,g_a_cpu,cpu,24368.2,24368.8
9,880,g_a,dpu,24368.8,24459.6
9,880,g_a,dpu,24459.6,24572
9,880,g_a_cpu,cpu,24572,24572.5
9,880,h_a,dpu,24572.5,24626.6
9,880,eb_enc,cpu,24626.6,24626.7
9,880,eb_dec,cpu,24626.7,24626.9
9,880,h_s,dpu,24626.9,24630.7
9,880,gc,cpu,24630.7,24640.5
9,890,normalize,cpu,24640.9,24645.6
9,890,g_a_cpu,cpu,24645.6,24646.1
9,890,g_a,dpu,24646.1,24831.6
9,890,g_a,dpu,24831.6,24941.8
9,890,g_a_cpu,cpu,24941.8,24942.3
9,890,h_a,dpu,24942.3,24959.5
9,890,eb_enc,cpu,24959.5,24959.6
9,890,eb_dec,cpu,24959.6,24959.7
9,890,h_s,dpu,24959.7,24976.7
9,890,gc,cpu,24976.7,24988.1
9,904,normalize,cpu,24988.7,24992.3
9,904,g_a_cpu,cpu,24992.3,24992.7
9,904,g_a,dpu,24992.7,25090.1
9,904,g_a,dpu,25090.1,25235.8
9,904,g_a_cpu,cpu,25235.8,25236.1
9,904,h_a,dpu,25236.1,25237.8
9,904,eb_enc,cpu,25237.8,25238
9,904,eb_dec,cpu,25238,25238.1
9,904,h_s,dpu,25238.1,25269
9,904,gc,cpu,25269,25278.8
9,917,normalize,cpu,25279.4,25283.8
9,917,g_a_cpu,cpu,25283.8,25284.1
9,917,g_a,dpu,25284.1,25427
9,917,g_a,dpu,25427,25502.3
9,917,g_a_cpu,cpu,25502.3,25502.8
9,917,h_a,dpu,25502.8,25554.7
9,917,eb_enc,cpu,25554.7,25554.9
9,917,eb_dec,cpu,25554.9,25555
9,917,h_s,dpu,25555,25613.2
9,917,gc,cpu,25613.2,25622.8
